6200.0 4.1088160129806573e-07
6201.0 4.112700921293701e-07
6202.0 4.1165879902112315e-07
6203.0 4.120477220464728e-07
6204.0 4.124368612785788e-07
6205.0 4.12826216790613e-07
6206.0 4.132157886557587e-07
6207.0 4.136055769472112e-07
6208.0 4.139955817381783e-07
6209.0 4.143858031018786e-07
6210.0 4.147762411115432e-07
6211.0 4.1516689584041565e-07
6212.0 4.1555776736174977e-07
6213.0 4.1594885574881306e-07
6214.0 4.163401610748836e-07
6215.0 4.167316834132516e-07
6216.0 4.1712342283722e-07
6217.0 4.175153794201024e-07
6218.0 4.17907553235225e-07
6219.0 4.182999443559258e-07
6220.0 4.186925528555542e-07
6221.0 4.190853788074723e-07
6222.0 4.194784222850537e-07
6223.0 4.198716833616833e-07
6224.0 4.202651621107589e-07
6225.0 4.206588586056893e-07
6226.0 4.210527729198954e-07
6227.0 4.214469051268105e-07
6228.0 4.218412552998792e-07
6229.0 4.222358235125582e-07
6230.0 4.2263060983831603e-07
6231.0 4.230256143506329e-07
6232.0 4.234208371230012e-07
6233.0 4.2381627822892526e-07
6234.0 4.242119377419208e-07
6235.0 4.2460781573551603e-07
6236.0 4.2500391228325037e-07
6237.0 4.254002274586756e-07
6238.0 4.257967613353555e-07
6239.0 4.261935139868652e-07
6240.0 4.2659048548679203e-07
6241.0 4.2698767590873524e-07
6242.0 4.273850853263055e-07
6243.0 4.277827138131261e-07
6244.0 4.281805614428315e-07
6245.0 4.285786282890688e-07
6246.0 4.2897691442549593e-07
6247.0 4.293754199257836e-07
6248.0 4.297741448636142e-07
6249.0 4.3017308931268166e-07
6250.0 4.30572253346692e-07
6251.0 4.309716370393631e-07
6252.0 4.3137124046442507e-07
6253.0 4.31771063695619e-07
6254.0 4.321711068066989e-07
6255.0 4.325713698714297e-07
6256.0 4.329718529635892e-07
6257.0 4.33372556156966e-07
6258.0 4.337734795253614e-07
6259.0 4.341746231425882e-07
6260.0 4.345759870824714e-07
6261.0 4.349775714188474e-07
6262.0 4.3537937622556486e-07
6263.0 4.357814015764836e-07
6264.0 4.361836475454766e-07
6265.0 4.36586114206428e-07
6266.0 4.369888016332333e-07
6267.0 4.373917098998005e-07
6268.0 4.377948390800498e-07
6269.0 4.381981892479122e-07
6270.0 4.38601760477332e-07
6271.0 4.390055528422636e-07
6272.0 4.39409566416675e-07
6273.0 4.398138012745451e-07
6274.0 4.40218257489865e-07
6275.0 4.406229351366374e-07
6276.0 4.410278342888772e-07
6277.0 4.414329550206109e-07
6278.0 4.418382974058772e-07
6279.0 4.422438615187263e-07
6280.0 4.426496474332205e-07
6281.0 4.430556552234341e-07
6282.0 4.43461884963453e-07
6283.0 4.438683367273746e-07
6284.0 4.442750105893095e-07
6285.0 4.4468190662337894e-07
6286.0 4.450890249037162e-07
6287.0 4.454963655044669e-07
6288.0 4.459039284997883e-07
6289.0 4.463117139638493e-07
6290.0 4.467197219708312e-07
6291.0 4.471279525949267e-07
6292.0 4.475364059103407e-07
6293.0 4.479450819912897e-07
6294.0 4.48353980912002e-07
6295.0 4.487631027467186e-07
6296.0 4.491724475696911e-07
6297.0 4.495820154551837e-07
6298.0 4.499918064774729e-07
6299.0 4.504018207108461e-07
6300.0 4.5081205822960326e-07
6301.0 4.512225191080557e-07
6302.0 4.516332034205273e-07
6303.0 4.520441112413532e-07
6304.0 4.524552426448806e-07
6305.0 4.52866597705469e-07
6306.0 4.53278176497489e-07
6307.0 4.536899790953236e-07
6308.0 4.541020055733675e-07
6309.0 4.545142560060273e-07
6310.0 4.549267304677216e-07
6311.0 4.553394290328809e-07
6312.0 4.55752351775947e-07
6313.0 4.5616549877137444e-07
6314.0 4.56578870093629e-07
6315.0 4.569924658171885e-07
6316.0 4.574062860165428e-07
6317.0 4.578203307661935e-07
6318.0 4.582346001406541e-07
6319.0 4.586490942144499e-07
6320.0 4.590638130621182e-07
6321.0 4.594787567582081e-07
6322.0 4.598939253772807e-07
6323.0 4.603093189939084e-07
6324.0 4.607249376826765e-07
6325.0 4.611407815181813e-07
6326.0 4.615568505750316e-07
6327.0 4.619731449278472e-07
6328.0 4.623896646512608e-07
6329.0 4.628064098199165e-07
6330.0 4.6322338050847e-07
6331.0 4.636405767915895e-07
6332.0 4.640579987439543e-07
6333.0 4.644756464402566e-07
6334.0 4.648935199551992e-07
6335.0 4.65311619363498e-07
6336.0 4.6572994473988e-07
6337.0 4.661484961590843e-07
6338.0 4.665672736958621e-07
6339.0 4.669862774249758e-07
6340.0 4.674055074212005e-07
6341.0 4.678249637593229e-07
6342.0 4.682446465141411e-07
6343.0 4.686645557604656e-07
6344.0 4.690846915731188e-07
6345.0 4.6950505402693467e-07
6346.0 4.6992564319675913e-07
6347.0 4.703464591574501e-07
6348.0 4.707675019838774e-07
6349.0 4.711887717509225e-07
6350.0 4.716102685334788e-07
6351.0 4.720319924064519e-07
6352.0 4.724539434447588e-07
6353.0 4.7287612172332886e-07
6354.0 4.7329852731710286e-07
6355.0 4.737211603010334e-07
6356.0 4.741440207500856e-07
6357.0 4.745671087392361e-07
6358.0 4.749904243434732e-07
6359.0 4.754139676377971e-07
6360.0 4.758377386972202e-07
6361.0 4.762617375967666e-07
6362.0 4.766859644114723e-07
6363.0 4.771104192163851e-07
6364.0 4.775351020865646e-07
6365.0 4.779600130970828e-07
6366.0 4.783851523230226e-07
6367.0 4.788105198394797e-07
6368.0 4.792361157215613e-07
6369.0 4.796619400443862e-07
6370.0 4.800879928830859e-07
6371.0 4.805142743128028e-07
6372.0 4.809407844086919e-07
6373.0 4.813675232459195e-07
6374.0 4.817944908996642e-07
6375.0 4.822216874451164e-07
6376.0 4.826491129574783e-07
6377.0 4.830767675119641e-07
6378.0 4.835046511837996e-07
6379.0 4.839327640482226e-07
6380.0 4.843611061804829e-07
6381.0 4.847896776558422e-07
6382.0 4.852184785495736e-07
6383.0 4.856475089369629e-07
6384.0 4.86076768893307e-07
6385.0 4.865062584939151e-07
6386.0 4.86935977814108e-07
6387.0 4.87365926929219e-07
6388.0 4.877961059145924e-07
6389.0 4.882265148455847e-07
6390.0 4.886571537975647e-07
6391.0 4.890880228459124e-07
6392.0 4.895191220660203e-07
6393.0 4.899504515332924e-07
6394.0 4.903820113231444e-07
6395.0 4.908138015110046e-07
6396.0 4.912458221723125e-07
6397.0 4.916780733825194e-07
6398.0 4.921105552170892e-07
6399.0 4.925432677514969e-07
6400.0 4.9297621106123e-07
6401.0 4.934093852217873e-07
6402.0 4.938427903086798e-07
6403.0 4.942764263974307e-07
6404.0 4.947102935635743e-07
6405.0 4.951443918826572e-07
6406.0 4.955787214302381e-07
6407.0 4.960132822818868e-07
6408.0 4.964480745131862e-07
6409.0 4.9688309819973e-07
6410.0 4.97318353417124e-07
6411.0 4.977538402409866e-07
6412.0 4.981895587469469e-07
6413.0 4.986255090106468e-07
6414.0 4.990616911077396e-07
6415.0 4.994981051138907e-07
6416.0 4.999347511047774e-07
6417.0 5.003716291560885e-07
6418.0 5.008087393435251e-07
6419.0 5.012460817428001e-07
6420.0 5.016836564296381e-07
6421.0 5.021214634797757e-07
6422.0 5.025595029689614e-07
6423.0 5.029977749729555e-07
6424.0 5.034362795675301e-07
6425.0 5.038750168284694e-07
6426.0 5.043139868315691e-07
6427.0 5.047531896526374e-07
6428.0 5.051926253674937e-07
6429.0 5.056322940519697e-07
6430.0 5.06072195781909e-07
6431.0 5.065123306331664e-07
6432.0 5.069526986816097e-07
6433.0 5.073933000031176e-07
6434.0 5.078341346735811e-07
6435.0 5.082752027689031e-07
6436.0 5.087165043649982e-07
6437.0 5.09158039537793e-07
6438.0 5.09599808363226e-07
6439.0 5.100418109172475e-07
6440.0 5.104840472758196e-07
6441.0 5.109265175149164e-07
6442.0 5.113692217105239e-07
6443.0 5.118121599386397e-07
6444.0 5.12255332275274e-07
6445.0 5.126987387964478e-07
6446.0 5.131423795781948e-07
6447.0 5.135862546965603e-07
6448.0 5.140303642276015e-07
6449.0 5.144747082473874e-07
6450.0 5.14919286831999e-07
6451.0 5.153641000575288e-07
6452.0 5.15809148000082e-07
6453.0 5.16254430735775e-07
6454.0 5.166999483407359e-07
6455.0 5.171457008911056e-07
6456.0 5.175916884630357e-07
6457.0 5.180379111326907e-07
6458.0 5.184843689762462e-07
6459.0 5.1893106206989e-07
6460.0 5.19377990489822e-07
6461.0 5.198251543122538e-07
6462.0 5.202725536134085e-07
6463.0 5.207201884695219e-07
6464.0 5.211680589568409e-07
6465.0 5.216161651516242e-07
6466.0 5.220645071301434e-07
6467.0 5.225130849686809e-07
6468.0 5.229618987435314e-07
6469.0 5.234109485310015e-07
6470.0 5.238602344074098e-07
6471.0 5.243097564490862e-07
6472.0 5.247595147323733e-07
6473.0 5.252095093336249e-07
6474.0 5.256597403292073e-07
6475.0 5.261102077954977e-07
6476.0 5.265609118088862e-07
6477.0 5.270118524457742e-07
6478.0 5.27463029782575e-07
6479.0 5.279144438957142e-07
6480.0 5.283660948616288e-07
6481.0 5.288179827567679e-07
6482.0 5.292701076575926e-07
6483.0 5.297224696405751e-07
6484.0 5.301750687822007e-07
6485.0 5.306279051589658e-07
6486.0 5.310809788473784e-07
6487.0 5.315342899239595e-07
6488.0 5.319878384652408e-07
6489.0 5.324416245477664e-07
6490.0 5.328956482480925e-07
6491.0 5.333499096427863e-07
6492.0 5.338044088084279e-07
6493.0 5.34259145821609e-07
6494.0 5.347141207589326e-07
6495.0 5.351693336970144e-07
6496.0 5.356247847124811e-07
6497.0 5.36080473881972e-07
6498.0 5.365364012821383e-07
6499.0 5.369925669896423e-07
