6200.0 -9.40660741339384e-07
6201.0 -9.415323788027104e-07
6202.0 -9.424044907180102e-07
6203.0 -9.432770772434716e-07
6204.0 -9.441501385373092e-07
6205.0 -9.450236747577626e-07
6206.0 -9.45897686063096e-07
6207.0 -9.467721726115998e-07
6208.0 -9.476471345615892e-07
6209.0 -9.485225720714062e-07
6210.0 -9.49398485299416e-07
6211.0 -9.502748744040112e-07
6212.0 -9.511517395436084e-07
6213.0 -9.520290808766504e-07
6214.0 -9.529068985616052e-07
6215.0 -9.537851927569666e-07
6216.0 -9.54663963621253e-07
6217.0 -9.555432113130085e-07
6218.0 -9.56422935990802e-07
6219.0 -9.573031378132295e-07
6220.0 -9.581838169389112e-07
6221.0 -9.59064973526493e-07
6222.0 -9.599466077346451e-07
6223.0 -9.60828719722065e-07
6224.0 -9.617113096474746e-07
6225.0 -9.62594377669621e-07
6226.0 -9.634779239472768e-07
6227.0 -9.643619486392404e-07
6228.0 -9.652464519043355e-07
6229.0 -9.661314339014107e-07
6230.0 -9.670168947893402e-07
6231.0 -9.679028347270249e-07
6232.0 -9.687892538733884e-07
6233.0 -9.696761523873822e-07
6234.0 -9.705635304279815e-07
6235.0 -9.714513881541894e-07
6236.0 -9.723397257250303e-07
6237.0 -9.732285432995578e-07
6238.0 -9.741178410368493e-07
6239.0 -9.750076190960074e-07
6240.0 -9.758978776361606e-07
6241.0 -9.767886168164624e-07
6242.0 -9.776798367960925e-07
6243.0 -9.785715377342548e-07
6244.0 -9.794637197901796e-07
6245.0 -9.803563831231222e-07
6246.0 -9.812495278923632e-07
6247.0 -9.82143154257209e-07
6248.0 -9.830372623769909e-07
6249.0 -9.839318524110652e-07
6250.0 -9.848269245188156e-07
6251.0 -9.85722478859649e-07
6252.0 -9.866185155929986e-07
6253.0 -9.875150348783227e-07
6254.0 -9.88412036875106e-07
6255.0 -9.893095217428571e-07
6256.0 -9.90207489641111e-07
6257.0 -9.911059407294276e-07
6258.0 -9.920048751673923e-07
6259.0 -9.929042931146168e-07
6260.0 -9.93804194730737e-07
6261.0 -9.947045801754138e-07
6262.0 -9.956054496083353e-07
6263.0 -9.965068031892135e-07
6264.0 -9.97408641077787e-07
6265.0 -9.983109634338186e-07
6266.0 -9.992137704170965e-07
6267.0 -1.0001170621874355e-06
6268.0 -1.0010208389046753e-06
6269.0 -1.00192510072868e-06
6270.0 -1.0028298478193408e-06
6271.0 -1.0037350803365728e-06
6272.0 -1.004640798440317e-06
6273.0 -1.0055470022905403e-06
6274.0 -1.0064536920472343e-06
6275.0 -1.0073608678704169e-06
6276.0 -1.00826852992013e-06
6277.0 -1.0091766783564415e-06
6278.0 -1.010085313339446e-06
6279.0 -1.0109944350292614e-06
6280.0 -1.0119040435860328e-06
6281.0 -1.0128141391699292e-06
6282.0 -1.0137247219411456e-06
6283.0 -1.0146357920599032e-06
6284.0 -1.0155473496864478e-06
6285.0 -1.0164593949810497e-06
6286.0 -1.0173719281040066e-06
6287.0 -1.0182849492156402e-06
6288.0 -1.019198458476298e-06
6289.0 -1.0201124560463529e-06
6290.0 -1.0210269420862031e-06
6291.0 -1.0219419167562724e-06
6292.0 -1.0228573802170098e-06
6293.0 -1.0237733326288894e-06
6294.0 -1.024689774152412e-06
6295.0 -1.025606704948102e-06
6296.0 -1.0265241251765102e-06
6297.0 -1.0274420349982132e-06
6298.0 -1.028360434573812e-06
6299.0 -1.0292793240639336e-06
6300.0 -1.0301987036292298e-06
6301.0 -1.031118573430379e-06
6302.0 -1.032038933628084e-06
6303.0 -1.0329597843830729e-06
6304.0 -1.0338811258561002e-06
6305.0 -1.0348029582079446e-06
6306.0 -1.035725281599411e-06
6307.0 -1.0366480961913292e-06
6308.0 -1.037571402144555e-06
6309.0 -1.038495199619969e-06
6310.0 -1.0394194887784778e-06
6311.0 -1.0403442697810124e-06
6312.0 -1.0412695427885304e-06
6313.0 -1.042195307962014e-06
6314.0 -1.0431215654624715e-06
6315.0 -1.0440483154509357e-06
6316.0 -1.0449755580884648e-06
6317.0 -1.0459032935361437e-06
6318.0 -1.0468315219550813e-06
6319.0 -1.0477602435064129e-06
6320.0 -1.0486894583512977e-06
6321.0 -1.0496191666509223e-06
6322.0 -1.050549368566498e-06
6323.0 -1.0514800642592606e-06
6324.0 -1.052411253890472e-06
6325.0 -1.053342937621419e-06
6326.0 -1.0542751156134154e-06
6327.0 -1.055207788027798e-06
6328.0 -1.0561409550259312e-06
6329.0 -1.0570746167692034e-06
6330.0 -1.0580087734190285e-06
6331.0 -1.0589434251368464e-06
6332.0 -1.059878572084122e-06
6333.0 -1.0608142144223465e-06
6334.0 -1.0617503523130342e-06
6335.0 -1.0626869859177275e-06
6336.0 -1.0636241153979928e-06
6337.0 -1.0645617409154222e-06
6338.0 -1.0654998626316326e-06
6339.0 -1.066438480708267e-06
6340.0 -1.067377595306994e-06
6341.0 -1.068317206589507e-06
6342.0 -1.0692573147175246e-06
6343.0 -1.0701979198527918e-06
6344.0 -1.071139022157078e-06
6345.0 -1.0720806217921786e-06
6346.0 -1.0730227189199142e-06
6347.0 -1.0739653137021305e-06
6348.0 -1.0749084063006995e-06
6349.0 -1.0758519968775171e-06
6350.0 -1.076796085594507e-06
6351.0 -1.0777406726136148e-06
6352.0 -1.0786857580968148e-06
6353.0 -1.0796313422061051e-06
6354.0 -1.0805774251035096e-06
6355.0 -1.0815240069510772e-06
6356.0 -1.082471087910883e-06
6357.0 -1.0834186681450265e-06
6358.0 -1.0843667478156327e-06
6359.0 -1.0853153270848537e-06
6360.0 -1.0862644061148644e-06
6361.0 -1.0872139850678668e-06
6362.0 -1.0881640641060882e-06
6363.0 -1.0891146433917806e-06
6364.0 -1.090065723087222e-06
6365.0 -1.0910173033547152e-06
6366.0 -1.0919693843565892e-06
6367.0 -1.092921966255198e-06
6368.0 -1.0938750492129208e-06
6369.0 -1.0948286333921622e-06
6370.0 -1.0957827189553523e-06
6371.0 -1.0967373060649471e-06
6372.0 -1.0976923948834274e-06
6373.0 -1.0986479855732997e-06
6374.0 -1.0996040782970951e-06
6375.0 -1.1005606732173714e-06
6376.0 -1.101517770496711e-06
6377.0 -1.1024753702977218e-06
6378.0 -1.1034334727830377e-06
6379.0 -1.104392078115316e-06
6380.0 -1.1053511864572426e-06
6381.0 -1.1063107979715258e-06
6382.0 -1.1072709128209017e-06
6383.0 -1.1082315311681294e-06
6384.0 -1.109192653175995e-06
6385.0 -1.11015427900731e-06
6386.0 -1.1111164088249117e-06
6387.0 -1.1120790427916604e-06
6388.0 -1.113042181070444e-06
6389.0 -1.114005823824176e-06
6390.0 -1.1149699712157934e-06
6391.0 -1.1159346234082609e-06
6392.0 -1.1168997805645664e-06
6393.0 -1.1178654428477249e-06
6394.0 -1.118831610420776e-06
6395.0 -1.1197982834467848e-06
6396.0 -1.1207654620888417e-06
6397.0 -1.1217331465100629e-06
6398.0 -1.1227013368735894e-06
6399.0 -1.123670033342588e-06
6400.0 -1.1246392360802509e-06
6401.0 -1.1256089452497958e-06
6402.0 -1.1265791610144653e-06
6403.0 -1.127549883537528e-06
6404.0 -1.1285211129822774e-06
6405.0 -1.129492849512033e-06
6406.0 -1.130465093290139e-06
6407.0 -1.1314378444799652e-06
6408.0 -1.1324111032449074e-06
6409.0 -1.1333848697483857e-06
6410.0 -1.1343591441538463e-06
6411.0 -1.1353339266247615e-06
6412.0 -1.1363092173246274e-06
6413.0 -1.1372850164169663e-06
6414.0 -1.1382613240653266e-06
6415.0 -1.1392381404332803e-06
6416.0 -1.1402154656844276e-06
6417.0 -1.1411932999823906e-06
6418.0 -1.1421716434908198e-06
6419.0 -1.1431504963733892e-06
6420.0 -1.1441298587937996e-06
6421.0 -1.1451097309157758e-06
6422.0 -1.1460901129030689e-06
6423.0 -1.1470710049194554e-06
6424.0 -1.1480524071287368e-06
6425.0 -1.1490343196947405e-06
6426.0 -1.1500167427813186e-06
6427.0 -1.1509996765523493e-06
6428.0 -1.1519831211717355e-06
6429.0 -1.152967076803406e-06
6430.0 -1.1539515436113153e-06
6431.0 -1.154936521759443e-06
6432.0 -1.1559220114117928e-06
6433.0 -1.1569080127323965e-06
6434.0 -1.1578945258853088e-06
6435.0 -1.1588815510346107e-06
6436.0 -1.1598690883444095e-06
6437.0 -1.1608571379788366e-06
6438.0 -1.1618457001020493e-06
6439.0 -1.1628347748782296e-06
6440.0 -1.163824362471587e-06
6441.0 -1.1648144630463538e-06
6442.0 -1.1658050767667896e-06
6443.0 -1.166796203797178e-06
6444.0 -1.167787844301829e-06
6445.0 -1.168779998445078e-06
6446.0 -1.1697726663912851e-06
6447.0 -1.1707658483048362e-06
6448.0 -1.1717595443501424e-06
6449.0 -1.1727537546916407e-06
6450.0 -1.1737484794937928e-06
6451.0 -1.1747437189210864e-06
6452.0 -1.1757394731380346e-06
6453.0 -1.1767357423091757e-06
6454.0 -1.1777325265990723e-06
6455.0 -1.1787298261723145e-06
6456.0 -1.1797276411935164e-06
6457.0 -1.180725971827318e-06
6458.0 -1.1817248182383842e-06
6459.0 -1.182724180591406e-06
6460.0 -1.1837240590510995e-06
6461.0 -1.184724453782206e-06
6462.0 -1.1857253649494924e-06
6463.0 -1.1867267927177507e-06
6464.0 -1.1877287372517986e-06
6465.0 -1.1887311987164796e-06
6466.0 -1.1897341772766615e-06
6467.0 -1.1907376730972386e-06
6468.0 -1.1917416863431298e-06
6469.0 -1.1927462171792803e-06
6470.0 -1.1937512657706596e-06
6471.0 -1.1947568322822637e-06
6472.0 -1.1957629168791122e-06
6473.0 -1.1967695197262524e-06
6474.0 -1.1977766409887557e-06
6475.0 -1.198784280831719e-06
6476.0 -1.1997924394202657e-06
6477.0 -1.200801116919542e-06
6478.0 -1.201810313494722e-06
6479.0 -1.2028200293110043e-06
6480.0 -1.2038302645336124e-06
6481.0 -1.2048410193277966e-06
6482.0 -1.2058522938588309e-06
6483.0 -1.206864088292016e-06
6484.0 -1.2078764027926778e-06
6485.0 -1.2088892375261665e-06
6486.0 -1.209902592657859e-06
6487.0 -1.2109164683531576e-06
6488.0 -1.2119308647774883e-06
6489.0 -1.2129457820963048e-06
6490.0 -1.213961220475084e-06
6491.0 -1.214977180079331e-06
6492.0 -1.215993661074573e-06
6493.0 -1.2170106636263643e-06
6494.0 -1.218028187900286e-06
6495.0 -1.2190462340619413e-06
6496.0 -1.2200648022769615e-06
6497.0 -1.2210838927110025e-06
6498.0 -1.2221035055297454e-06
6499.0 -1.223123640898897e-06
