6400.0 0.817251524203709
6405.0 0.8180882473068729
6410.0 0.8182771176691017
6415.0 0.8196528390639113
6420.0 0.8212692318746064
6425.0 0.8229661765156266
6430.0 0.8236278832595993
6435.0 0.8247276329523813
6440.0 0.8262221549125904
6445.0 0.8263420737527551
6450.0 0.8281270748329099
6455.0 0.829925542931348
6460.0 0.8306907633021446
6465.0 0.8317815514273936
6470.0 0.8335416439293868
6475.0 0.8339227006035967
6480.0 0.8355169624740899
6485.0 0.8366692510833436
6490.0 0.8377113576316165
6495.0 0.8385503486464225
6500.0 0.8401441929426501
6505.0 0.8416789357187526
6510.0 0.8425504403338001
6515.0 0.8439751829699217
6520.0 0.845362666327177
6525.0 0.8464976793711726
6530.0 0.8475313667337767
6535.0 0.8488709970638935
6540.0 0.8505643314213014
6545.0 0.8503816692583518
6550.0 0.8522633643426791
6555.0 0.8536390599634283
6560.0 0.8554993438614956
6565.0 0.8557836112886068
6570.0 0.8569407985078968
6575.0 0.8577143719542126
6580.0 0.8595501327250796
6585.0 0.8604467268590897
6590.0 0.8615650462163187
6595.0 0.863081831658262
