6200.0 -0.0691621716541703
6201.0 -0.067973018871271
6202.0 -0.0667999727011192
6203.0 -0.0656428727088496
6204.0 -0.0645015590416733
6205.0 -0.0633758730400586
6206.0 -0.0622656571358675
6207.0 -0.0611707548960112
6208.0 -0.060091010571341
6209.0 -0.0590262696350691
6210.0 -0.0579763786663534
6211.0 -0.0569411848991876
6212.0 -0.0559205369791016
6213.0 -0.0549142844829475
6214.0 -0.0539222777879331
6215.0 -0.0529443682462442
6216.0 -0.0519804085051873
6217.0 -0.051030252026976
6218.0 -0.0500937531614908
6219.0 -0.0491707674664212
6220.0 -0.0482611513289157
6221.0 -0.0473647621256532
6222.0 -0.0464814583247061
6223.0 -0.0456110992381582
6224.0 -0.044753545167623
6225.0 -0.0439086575206602
6226.0 -0.0430762984760804
6227.0 -0.0422563312895363
6228.0 -0.0414486202062107
6229.0 -0.0406530303880572
6230.0 -0.0398694278264883
6231.0 -0.0390976796625182
6232.0 -0.0383376539248274
6233.0 -0.0375892195297637
6234.0 -0.0368522463977569
6235.0 -0.0361266053077997
6236.0 -0.0354121681302785
6237.0 -0.0347088074777275
6238.0 -0.0340163970395224
6239.0 -0.033334811363602
6240.0 -0.0326639259292278
6241.0 -0.0320036171760875
6242.0 -0.0313537624751916
6243.0 -0.0307142398523865
6244.0 -0.0300849287741584
6245.0 -0.0294657090998953
6246.0 -0.0288564618240343
6247.0 -0.0282570688723353
6248.0 -0.0276674131018808
6249.0 -0.0270873780100373
6250.0 -0.0265168482437729
6251.0 -0.0259557093231705
6252.0 -0.0254038475395645
6253.0 -0.0248611500574043
6254.0 -0.0243275051907403
6255.0 -0.0238028017629403
6256.0 -0.023286929616006
6257.0 -0.0227797797124367
6258.0 -0.0222812435240484
6259.0 -0.0217912134830839
6260.0 -0.0213095829967642
6261.0 -0.0208362462726654
6262.0 -0.0203710983187193
6263.0 -0.0199140352051472
6264.0 -0.0194649535551434
6265.0 -0.0190237509814323
6266.0 -0.0185903260571649
6267.0 -0.0181645780976396
6268.0 -0.0177464069856796
6269.0 -0.0173357140010921
6270.0 -0.0169324009184492
6271.0 -0.0165363702108152
6272.0 -0.0161475254135439
6273.0 -0.0157657709351042
6274.0 -0.0153910117951454
6275.0 -0.0150231538864318
6276.0 -0.0146621040039462
6277.0 -0.0143077697284752
6278.0 -0.0139600593829527
6279.0 -0.013618882119772
6280.0 -0.0132841479644412
6281.0 -0.0129557675536489
6282.0 -0.0126336526300292
6283.0 -0.0123177154455333
6284.0 -0.0120078691252274
6285.0 -0.0117040276090847
6286.0 -0.0114061056374339
6287.0 -0.0111140186636475
6288.0 -0.0108276829560054
6289.0 -0.0105470155685907
6290.0 -0.0102719343267381
6291.0 -0.0100023576960666
6292.0 -0.0097382050880696
6293.0 -0.0094793966272845
6294.0 -0.0092258531367406
6295.0 -0.0089774962252704
6296.0 -0.0087342482875101
6297.0 -0.0084960322710685
6298.0 -0.0082627721276367
6299.0 -0.0080343924637418
6300.0 -0.0078108186135068
6301.0 -0.0075919765658909
6302.0 -0.0073777930811047
6303.0 -0.00716819576337
6304.0 -0.0069631129008485
6305.0 -0.006762473276467
6306.0 -0.0065662066335789
6307.0 -0.0063742433994775
6308.0 -0.0061865147581556
6309.0 -0.0060029523156117
6310.0 -0.005823488740134
6311.0 -0.0056480571802239
6312.0 -0.005476591628394
6313.0 -0.00530902655737
6314.0 -0.0051452973420964
6315.0 -0.0049853400560095
6316.0 -0.0048290911945514
6317.0 -0.0046764882426941
6318.0 -0.0045274691656231
6319.0 -0.0043819726706715
6320.0 -0.0042399382655275
6321.0 -0.0041013057925738
6322.0 -0.0039660159964114
6323.0 -0.0038340103783411
6324.0 -0.0037052309053251
6325.0 -0.0035796202282654
6326.0 -0.0034571216383483
6327.0 -0.0033376793289789
6328.0 -0.0032212376536335
6329.0 -0.0031077419698704
6330.0 -0.0029971383482916
6331.0 -0.0028893731068819
6332.0 -0.0027843934803968
6333.0 -0.0026821474020835
6334.0 -0.0025825831398833
6335.0 -0.002485649776645
6336.0 -0.0023912970209494
6337.0 -0.0022994750761426
6338.0 -0.0022101348440628
6339.0 -0.0021232279104879
6340.0 -0.0020387062832014
6341.0 -0.0019565226248232
6342.0 -0.0018766303983284
6343.0 -0.0017989832849707
6344.0 -0.0017235359118785
6345.0 -0.0016502432408742
6346.0 -0.0015790610341355
6347.0 -0.001509945403086
6348.0 -0.0014428532012971
6349.0 -0.0013777418935205
6350.0 -0.0013145692500984
6351.0 -0.0012532939290395
6352.0 -0.0011938749958062
6353.0 -0.0011362720688339
6354.0 -0.001080445232219
6355.0 -0.0010263553704135
6356.0 -0.0009739637607708
6357.0 -0.0009232321754097
6358.0 -0.0008741230412852
6359.0 -0.0008265992946689
6360.0 -0.0007806242065271
6361.0 -0.0007361620373558
6362.0 -0.0006931771058589
6363.0 -0.0006516345310956
6364.0 -0.0006114998977864
6365.0 -0.0005727391398977
6366.0 -0.0005353189771994
6367.0 -0.0004992064496036
6368.0 -0.0004643691936507
6369.0 -0.0004307752096792
6370.0 -0.0003983932401752
6371.0 -0.0003671923477668
6372.0 -0.0003371421480551
6373.0 -0.0003082126931985
6374.0 -0.000280374486465
6375.0 -0.0002535987587179
6376.0 -0.0002278567844768
6377.0 -0.0002031208132393
6378.0 -0.0001793632254702
6379.0 -0.0001565568527439
6380.0 -0.0001346752396784
6381.0 -0.0001136922801379
6382.0 -9.358215902466328e-05
6383.0 -7.431975973304361e-05
6384.0 -5.5880285799503326e-05
6385.0 -3.823933366220445e-05
6386.0 -2.1373038180172443e-05
6387.0 -5.258203600533307e-06
6388.0 1.0128598660230637e-05
6389.0 2.4809676688164476e-05
6390.0 3.880719305016101e-05
6391.0 5.214296106714755e-05
6392.0 6.483827019110322e-05
6393.0 7.691400242038071e-05
6394.0 8.839063229970634e-05
6395.0 9.928819781634957e-05
6396.0 0.0001096264022635
6397.0 0.0001194244396174
6398.0 0.0001287013001274
6399.0 0.000137475260999
6400.0 0.0001457646285416
6401.0 0.0001535869232611
6402.0 0.0001609595492482
6403.0 0.0001678992703091
6404.0 0.0001744227629387
6405.0 0.0001805462525226
6406.0 0.0001862852659542
6407.0 0.0001916555775096
6408.0 0.0001966721465578
6409.0 0.0002013495541177
6410.0 0.0002057023521047
6411.0 0.0002097443939419
6412.0 0.0002134895039489
6413.0 0.0002169508225051
6414.0 0.00022014148999
6415.0 0.0002230740792583
6416.0 0.0002257609012303
6417.0 0.00022821399034
6418.0 0.0002304449590155
6419.0 0.0002324650849914
6420.0 0.0002342855441384
6421.0 0.0002359169302508
6422.0 0.0002373696770519
6423.0 0.0002386539563303
6424.0 0.0002397794305579
6425.0 0.0002407555730314
6426.0 0.000241591813392
6427.0 0.0002422967809252
6428.0 0.0002428792795399
6429.0 0.0002433475310681
6430.0 0.0002437097282381
6431.0 0.0002439734671497
6432.0 0.0002441464166622
6433.0 0.0002442358381813
6434.0 0.0002442485420033
6435.0 0.0002441912947688
6436.0 0.000244070746703
6437.0 0.0002438929222989
6438.0 0.0002436637587379
6439.0 0.0002433891204418
6440.0 0.0002430743188597
6441.0 0.0002427247382001
6442.0 0.0002423453261144
6443.0 0.000241940782871
6444.0 0.0002415157505311
6445.0 0.0002410745801171
6446.0 0.0002406213025096
6447.0 0.000240159642999
6448.0 0.0002396937343291
6449.0 0.0002392266615061
6450.0 0.000238761815126
6451.0 0.0002383022656431
6452.0 0.000237850981648
6453.0 0.0002374105679336
6454.0 0.0002369834983255
6455.0 0.0002365721884416
6456.0 0.0002361786318942
6457.0 0.0002358048950554
6458.0 0.0002354528696741
6459.0 0.0002351239236304
6460.0 0.0002348197740502
6461.0 0.0002345417015021
6462.0 0.000234290579101
6463.0 0.0002340676292078
6464.0 0.0002338737540412
6465.0 0.0002337095647817
6466.0 0.0002335754834348
6467.0 0.0002334722521482
6468.0 0.0002333999436814
6469.0 0.0002333586890017
6470.0 0.0002333487063879
6471.0 0.0002333698503207
6472.0 0.0002334218443138
6473.0 0.0002335044409846
6474.0 0.0002336173201911
6475.0 0.0002337598562007
6476.0 0.0002339313941774
6477.0 0.0002341314248042
6478.0 0.0002343589294468
6479.0 0.0002346130495425
6480.0 0.0002348928537685
6481.0 0.0002351973525946
6482.0 0.000235525338212
6483.0 0.0002358755446039
6484.0 0.0002362468658247
6485.0 0.0002366377448197
6486.0 0.0002370469883317
6487.0 0.0002374730247538
6488.0 0.0002379143406869
6489.0 0.0002383694809395
6490.0 0.0002388368593528
6491.0 0.0002393147005932
6492.0 0.0002398013457423
6493.0 0.0002402953105047
6494.0 0.0002407945576123
6495.0 0.0002412975154584
6496.0 0.0002418024523649
6497.0 0.0002423073747195
6498.0 0.0002428106527077
6499.0 0.0002433104818919
6500.0 0.0002438049996271
6501.0 0.0002442923432681
6502.0 0.0002447709703119
6503.0 0.000245238727075
6504.0 0.0002456940565025
6505.0 0.0002461351250531
6506.0 0.0002465601864969
6507.0 0.0002469675382599
6508.0 0.0002473555359756
6509.0 0.0002477225061738
6510.0 0.000248066833592
6511.0 0.0002483868884155
6512.0 0.0002486812591087
6513.0 0.0002489483886165
6514.0 0.0002491868945071
6515.0 0.00024939548166
6516.0 0.0002495726657798
6517.0 0.0002497174136806
6518.0 0.0002498285175533
6519.0 0.0002499048714525
6520.0 0.0002499453694326
6521.0 0.0002499494003131
6522.0 0.0002499158144928
6523.0 0.0002498440153431
6524.0 0.0002497334498912
6525.0 0.0002495834341971
6526.0 0.0002493935462553
6527.0 0.0002491636114427
6528.0 0.0002488933532731
6529.0 0.0002485825971234
6530.0 0.0002482313284417
6531.0 0.0002478399983374
6532.0 0.0002474086213624
6533.0 0.0002469376049702
6534.0 0.0002464277349645
6535.0 0.0002458796370774
6536.0 0.0002452940389048
6537.0 0.0002446721482556
6538.0 0.0002440148673485
6539.0 0.0002433237677905
6540.0 0.0002426002611173
6541.0 0.0002418459625914
6542.0 0.0002410627057543
6543.0 0.0002402525715297
6544.0 0.0002394177572568
6545.0 0.0002385603875154
6546.0 0.0002376833435846
6547.0 0.0002367892448091
6548.0 0.0002358810015721
6549.0 0.0002349620190216
6550.0 0.0002340354549232
6551.0 0.000233104932704
6552.0 0.0002321741631021
6553.0 0.0002312474534846
6554.0 0.0002303286455571
6555.0 0.0002294225414516
6556.0 0.0002285338268848
6557.0 0.0002276672748848
6558.0 0.0002268281969008
6559.0 0.0002260220062453
6560.0 0.0002252544072689
6561.0 0.0002245313226012
6562.0 0.0002238589950138
6563.0 0.0002232438273495
6564.0 0.0002226926008006
6565.0 0.00022221240215
6566.0 0.0002218104491475
6567.0 0.0002214941632701
6568.0 0.0002212716353824
6569.0 0.0002211510582128
6570.0 0.00022114055173
6571.0 0.0002212491235695
6572.0 0.0002214858541265
6573.0 0.0002218598237959
6574.0 0.0002223809424322
6575.0 0.0002230592363048
6576.0 0.0002239047462353
6577.0 0.0002249283570563
6578.0 0.0002261409681523
6579.0 0.0002275537990499
6580.0 0.0002291786222485
6581.0 0.000231027326663
6582.0 0.0002331122523173
6583.0 0.0002354461175855
6584.0 0.0002380420337431
6585.0 0.0002409133157925
6586.0 0.0002440735843265
6587.0 0.0002475372748449
6588.0 0.0002513188228476
6589.0 0.0002554329985287
6590.0 0.0002598951541585
6591.0 0.0002647210931172
6592.0 0.0002699267060961
6593.0 0.0002755285240709
6594.0 0.0002815433399518
6595.0 0.0002879885432776
6596.0 0.0002948818146251
6597.0 0.0003022412274731
6598.0 0.0003100852045463
6599.0 0.0003184328670613
