6200.0 -0.0018592936803543
6201.0 -0.0018229851123123
6202.0 -0.0017871595177894
6203.0 -0.001751812259954
6204.0 -0.0017169387340345
6205.0 -0.0016825343520849
6206.0 -0.0016485945695876
6207.0 -0.0016151148543031
6208.0 -0.001582090710599
6209.0 -0.0015495176664899
6210.0 -0.0015173912784121
6211.0 -0.0014857071319056
6212.0 -0.0014544608345659
6213.0 -0.001423648024911
6214.0 -0.0013932643685166
6215.0 -0.0013633055536956
6216.0 -0.0013337673005935
6217.0 -0.0013046453548213
6218.0 -0.0012759354860918
6219.0 -0.0012476334936764
6220.0 -0.0012197352032217
6221.0 -0.0011922364635665
6222.0 -0.0011651331521989
6223.0 -0.001138421177302
6224.0 -0.0011120964641122
6225.0 -0.0010861549733363
6226.0 -0.0010605926827338
6227.0 -0.001035405606899
6228.0 -0.0010105897767971
6229.0 -0.0009861412504506
6230.0 -0.0009620561195333
6231.0 -0.0009383304964103
6232.0 -0.0009149605132279
6233.0 -0.0008919423398765
6234.0 -0.000869272159889
6235.0 -0.0008469461934055
6236.0 -0.0008249606787558
6237.0 -0.0008033118808725
6238.0 -0.0007819960876531
6239.0 -0.0007610096208736
6240.0 -0.0007403488189083
6241.0 -0.0007200100469617
6242.0 -0.0006999897002515
6243.0 -0.0006802841905937
6244.0 -0.0006608899595903
6245.0 -0.0006418034761281
6246.0 -0.0006230212306945
6247.0 -0.0006045397362868
6248.0 -0.0005863555347787
6249.0 -0.0005684651882802
6250.0 -0.0005508652900516
6251.0 -0.0005335524492693
6252.0 -0.0005165233062598
6253.0 -0.0004997745227228
6254.0 -0.0004833027824133
6255.0 -0.0004671047968258
6256.0 -0.000451177302466
6257.0 -0.0004355170547114
6258.0 -0.0004201208369067
6259.0 -0.0004049854544518
6260.0 -0.0003901077368482
6261.0 -0.0003754845379262
6262.0 -0.0003611127317526
6263.0 -0.0003469892249086
6264.0 -0.0003331109348891
6265.0 -0.0003194748137502
6266.0 -0.000306077828327
6267.0 -0.0002929169745584
6268.0 -0.000279989268165
6269.0 -0.0002672917521522
6270.0 -0.0002548214836224
6271.0 -0.0002425755528747
6272.0 -0.0002305510663518
6273.0 -0.0002187451605095
6274.0 -0.0002071549833999
6275.0 -0.0001957777151346
6276.0 -0.000184610556289
6277.0 -0.0001736507263103
6278.0 -0.0001628954701118
6279.0 -0.0001523420567082
6280.0 -0.000141987772622
6281.0 -0.000131829933025
6282.0 -0.0001218658658217
6283.0 -0.0001120929289299
6284.0 -0.000102508501186
6285.0 -9.310998188993835e-05
6286.0 -8.389478898607194e-05
6287.0 -7.486036906811933e-05
6288.0 -6.600418441848888e-05
6289.0 -5.732372142119857e-05
6290.0 -4.881648897026025e-05
6291.0 -4.0480015968569205e-05
6292.0 -3.231185246477253e-05
6293.0 -2.430957192700589e-05
6294.0 -1.6470763284814893e-05
6295.0 -8.793044571575592e-06
6296.0 -1.2740508736897027e-06
6297.0 6.088562486183946e-06
6298.0 1.3297119267008384e-05
6299.0 2.0353917534521315e-05
6300.0 2.726124262153462e-05
6301.0 3.4021354622382205e-05
6302.0 4.063649203089881e-05
6303.0 4.710887333203573e-05
6304.0 5.34406981387292e-05
6305.0 5.963414582765836e-05
6306.0 6.569137235601374e-05
6307.0 7.161451958381804e-05
6308.0 7.740570254100021e-05
6309.0 8.30670171581005e-05
6310.0 8.860054322212818e-05
6311.0 9.4008337782725e-05
6312.0 9.929244106388067e-05
6313.0 0.0001044548660047
6314.0 0.0001094976164495
6315.0 0.0001144226685028
6316.0 0.000119231982353
6317.0 0.0001239274961335
6318.0 0.0001285111325159
6319.0 0.0001329847907527
6320.0 0.0001373503546346
6321.0 0.0001416096852153
6322.0 0.0001457646260405
6323.0 0.0001498170026934
6324.0 0.0001537686200663
6325.0 0.0001576212653162
6326.0 0.0001613767092294
6327.0 0.0001650366953072
6328.0 0.0001686029590928
6329.0 0.0001720772138469
6330.0 0.0001754611494106
6331.0 0.0001787564431197
6332.0 0.0001819647520733
6333.0 0.0001850877174547
6334.0 0.000188126957255
6335.0 0.0001910840760501
6336.0 0.0001939606570431
6337.0 0.0001967582702491
6338.0 0.0001994784627186
6339.0 0.0002021227635395
6340.0 0.0002046926904313
6341.0 0.0002071897413316
6342.0 0.0002096153914408
6343.0 0.0002119711023169
6344.0 0.0002142583198292
6345.0 0.0002164784691558
6346.0 0.0002186329595588
6347.0 0.0002207231871125
6348.0 0.0002227505237897
6349.0 0.0002247163306492
6350.0 0.0002266219476041
6351.0 0.0002284687004703
6352.0 0.0002302578991475
6353.0 0.0002319908339813
6354.0 0.0002336687791739
6355.0 0.0002352929966491
6356.0 0.0002368647269577
6357.0 0.0002383851960985
6358.0 0.0002398556136995
6359.0 0.0002412771757462
6360.0 0.0002426510595796
6361.0 0.000243978426397
6362.0 0.0002452604235259
6363.0 0.0002464981796492
6364.0 0.000247692810035
6365.0 0.0002488454160811
6366.0 0.0002499570789495
6367.0 0.0002510288670691
6368.0 0.0002520618347716
6369.0 0.0002530570163798
6370.0 0.000254015436667
6371.0 0.0002549381028984
6372.0 0.0002558260057412
6373.0 0.0002566801244938
6374.0 0.0002575014204921
6375.0 0.000258290839838
6376.0 0.0002590493163552
6377.0 0.0002597777697701
6378.0 0.0002604771036658
6379.0 0.0002611482057091
6380.0 0.0002617919512886
6381.0 0.0002624092026053
6382.0 0.0002630008034429
6383.0 0.0002635675884903
6384.0 0.0002641103742462
6385.0 0.0002646299678872
6386.0 0.0002651271568083
6387.0 0.0002656027234024
6388.0 0.0002660574243691
6389.0 0.0002664920114057
6390.0 0.0002669072227945
6391.0 0.0002673037772638
6392.0 0.0002676823892215
6393.0 0.0002680437505659
6394.0 0.0002683885454644
6395.0 0.0002687174435322
6396.0 0.0002690311011974
6397.0 0.0002693301637464
6398.0 0.0002696152610042
6399.0 0.0002698870105177
6400.0 0.000270146022558
6401.0 0.0002703928835217
6402.0 0.0002706281804876
6403.0 0.0002708524768877
6404.0 0.0002710663300149
6405.0 0.0002712702844291
6406.0 0.0002714648705932
6407.0 0.0002716506110118
6408.0 0.0002718280097724
6409.0 0.0002719975641412
6410.0 0.000272159758424
6411.0 0.0002723150623751
6412.0 0.0002724639391544
6413.0 0.0002726068387346
6414.0 0.0002727441974457
6415.0 0.0002728764391122
6416.0 0.0002730039830112
6417.0 0.0002731272329583
6418.0 0.0002732465786721
6419.0 0.0002733624053234
6420.0 0.0002734750803483
6421.0 0.0002735849668624
6422.0 0.0002736924122928
6423.0 0.0002737977561082
6424.0 0.0002739013261816
6425.0 0.0002740034435646
6426.0 0.0002741044102094
6427.0 0.0002742045273862
6428.0 0.0002743040802215
6429.0 0.0002744033458839
6430.0 0.0002745025901731
6431.0 0.0002746020713857
6432.0 0.0002747020359947
6433.0 0.0002748027227426
6434.0 0.0002749043571839
6435.0 0.0002750071571426
6436.0 0.000275111333849
6437.0 0.0002752170832991
6438.0 0.0002753245987605
6439.0 0.0002754340569026
6440.0 0.0002755456330305
6441.0 0.0002756594872153
6442.0 0.0002757757752078
6443.0 0.0002758946413905
6444.0 0.0002760162187769
6445.0 0.000276140638789
6446.0 0.0002762680185242
6447.0 0.0002763984671219
6448.0 0.0002765320894013
6449.0 0.0002766689767668
6450.0 0.0002768092151654
6451.0 0.0002769528814496
6452.0 0.0002771000454231
6453.0 0.0002772507689314
6454.0 0.0002774051056348
6455.0 0.000277563098507
6456.0 0.0002777247898393
6457.0 0.0002778902073714
6458.0 0.0002780593763418
6459.0 0.0002782323085739
6460.0 0.0002784090172553
6461.0 0.0002785895028409
6462.0 0.0002787737560083
6463.0 0.0002789617651615
6464.0 0.0002791535127926
6465.0 0.0002793489718442
6466.0 0.0002795481063913
6467.0 0.0002797508775529
6468.0 0.000279957241446
6469.0 0.0002801671416818
6470.0 0.0002803805202802
6471.0 0.0002805973128943
6472.0 0.0002808174449455
6473.0 0.0002810408414006
6474.0 0.000281267416085
6475.0 0.0002814970807776
6476.0 0.0002817297413457
6477.0 0.0002819652925154
6478.0 0.0002822036315137
6479.0 0.0002824446451086
6480.0 0.0002826882146109
6481.0 0.0002829342181485
6482.0 0.000283182522935
6483.0 0.0002834330011864
6484.0 0.0002836855171608
6485.0 0.0002839399182903
6486.0 0.0002841960647401
6487.0 0.0002844537973487
6488.0 0.0002847129624115
6489.0 0.0002849733978109
6490.0 0.0002852349357453
6491.0 0.0002854974056845
6492.0 0.0002857606295947
6493.0 0.000286024432853
6494.0 0.0002862886290131
6495.0 0.0002865530309463
6496.0 0.0002868174487957
6497.0 0.0002870816842914
6498.0 0.0002873455434837
6499.0 0.0002876088187804
6500.0 0.000287871308501
6501.0 0.0002881327995964
6502.0 0.0002883930819734
6503.0 0.0002886519387175
6504.0 0.0002889091517772
6505.0 0.000289164497417
6506.0 0.0002894177509915
6507.0 0.0002896686889926
6508.0 0.0002899170763157
6509.0 0.0002901626814946
6510.0 0.0002904052682879
6511.0 0.0002906445988628
6512.0 0.0002908804337948
6513.0 0.0002911125297941
6514.0 0.0002913406435709
6515.0 0.0002915645270604
6516.0 0.0002917839317433
6517.0 0.0002919986056895
6518.0 0.00029220829947
6519.0 0.0002924127561527
6520.0 0.0002926117240349
6521.0 0.0002928049443653
6522.0 0.0002929921554368
6523.0 0.0002931731050921
6524.0 0.0002933475268491
6525.0 0.0002935151633209
6526.0 0.000293675746434
6527.0 0.0002938290165275
6528.0 0.0002939747082564
6529.0 0.0002941125610504
6530.0 0.0002942423029708
6531.0 0.0002943636723102
6532.0 0.0002944763991763
6533.0 0.0002945802211797
6534.0 0.0002946748725207
6535.0 0.0002947600821698
6536.0 0.000294835586601
6537.0 0.0002949011184227
6538.0 0.0002949564093341
6539.0 0.0002950011974007
6540.0 0.0002950352165953
6541.0 0.0002950582006633
6542.0 0.0002950698858512
6543.0 0.0002950700093151
6544.0 0.0002950583075289
6545.0 0.0002950345206045
6546.0 0.0002949983877442
6547.0 0.0002949496501969
6548.0 0.0002948880467101
6549.0 0.0002948133228528
6550.0 0.000294725223739
6551.0 0.0002946234949376
6552.0 0.0002945078877019
6553.0 0.0002943781462363
6554.0 0.000294234028388
6555.0 0.0002940752808626
6556.0 0.0002939016685559
6557.0 0.0002937129411293
6558.0 0.0002935088634785
6559.0 0.0002932891984528
6560.0 0.0002930537070824
6561.0 0.0002928021619936
6562.0 0.0002925343314927
6563.0 0.0002922499879787
6564.0 0.0002919489122632
6565.0 0.0002916308758358
6566.0 0.0002912956688305
6567.0 0.0002909430734234
6568.0 0.0002905728777022
6569.0 0.0002901848756664
6570.0 0.0002897788622249
6571.0 0.0002893546393352
6572.0 0.0002889120057716
6573.0 0.000288450772814
6574.0 0.0002879707499232
6575.0 0.0002874717517897
6576.0 0.0002869536008347
6577.0 0.0002864161167508
6578.0 0.0002858591299172
6579.0 0.0002852824725323
6580.0 0.00028468597975
6581.0 0.0002840694955921
6582.0 0.0002834328677181
6583.0 0.0002827759442425
6584.0 0.0002820985841935
6585.0 0.000281400646827
6586.0 0.0002806820004934
6587.0 0.000279942518091
6588.0 0.0002791820777474
6589.0 0.000278400559182
6590.0 0.0002775978550744
6591.0 0.0002767738571947
6592.0 0.0002759284679996
6593.0 0.0002750615917648
6594.0 0.0002741731423157
6595.0 0.0002732630380251
6596.0 0.0002723312047692
6597.0 0.0002713775722895
6598.0 0.0002704020764667
6599.0 0.0002694046661417
