6400.0 0.7993394440079963
6405.0 0.8002836403280922
6410.0 0.8025722526270916
6415.0 0.8044229522262641
6420.0 0.8052233157130173
6425.0 0.8070187714497571
6430.0 0.8091579775209636
6435.0 0.8103045098363804
6440.0 0.8123396414672269
6445.0 0.8130017035046566
6450.0 0.8144663015004929
6455.0 0.8162668601335982
6460.0 0.8178239642047099
6465.0 0.8201210241086221
6470.0 0.8216298066568597
6475.0 0.8226869469426007
6480.0 0.8249750294069339
6485.0 0.826696483671671
6490.0 0.827684929439235
6495.0 0.8287229613210828
6500.0 0.830326880446744
6505.0 0.8326129198405048
6510.0 0.8336275707731137
6515.0 0.8355119417276389
6520.0 0.8363376993112503
6525.0 0.8383206949895774
6530.0 0.839977146424285
6535.0 0.841024280622496
6540.0 0.8429899954722017
6545.0 0.8438527221528497
6550.0 0.8459793921030418
6555.0 0.8469903543973604
6560.0 0.8481711982057905
6565.0 0.8495645947539867
6570.0 0.8513191748494354
6575.0 0.8527410095244276
6580.0 0.8544197538052042
6585.0 0.854942885388747
6590.0 0.85732394343384
6595.0 0.8580382222305658
