6400.0 0.7887036547117156
6405.0 0.7905582035565173
6410.0 0.7918796542080909
6415.0 0.7939150273671386
6420.0 0.7942195008934299
6425.0 0.7952941643749522
6430.0 0.7974516177038843
6435.0 0.7983077222267229
6440.0 0.7997854296918394
6445.0 0.8007859607122806
6450.0 0.8028241326334284
6455.0 0.8042048046218597
6460.0 0.8062009013112037
6465.0 0.8073172483798693
6470.0 0.8080827787903041
6475.0 0.8096780704397832
6480.0 0.811049756106188
6485.0 0.8127249151155737
6490.0 0.8144128125978571
6495.0 0.814521856947804
6500.0 0.8172632486090646
6505.0 0.8167549784855025
6510.0 0.8201641619268862
6515.0 0.8215028487718683
6520.0 0.8229962231095543
6525.0 0.8243151205626819
6530.0 0.8256634370036777
6535.0 0.8256939906201962
6540.0 0.8291751411098827
6545.0 0.8296643507531677
6550.0 0.8325303664693233
6555.0 0.832774962185905
6560.0 0.8343594453658011
6565.0 0.8359864334685009
6570.0 0.836484278376242
6575.0 0.8385784370870388
6580.0 0.8408860692726934
6585.0 0.8414149087552579
6590.0 0.843001895389428
6595.0 0.8455898373218392
