6200.0 0.0185980211281275
6201.0 0.0182926415945985
6202.0 0.0179912654566578
6203.0 0.0176938543627329
6204.0 0.0174003702086338
6205.0 0.0171107751048111
6206.0 0.0168250314345641
6207.0 0.0165431017740047
6208.0 0.0162649489320756
6209.0 0.015990535965102
6210.0 0.0157198261440498
6211.0 0.0154527829981816
6212.0 0.0151893702459346
6213.0 0.0149295518713188
6214.0 0.0146732920475187
6215.0 0.0144205551914637
6216.0 0.0141713059856556
6217.0 0.013925509279943
6218.0 0.0136831301642814
6219.0 0.0134441339723707
6220.0 0.0132084862452757
6221.0 0.0129761527605296
6222.0 0.0127470995030307
6223.0 0.0125212927014217
6224.0 0.0122986987735203
6225.0 0.0120792843626986
6226.0 0.0118630163851776
6227.0 0.011649861902697
6228.0 0.011439788260759
6229.0 0.0112327629649371
6230.0 0.0110287537754629
6231.0 0.0108277286599332
6232.0 0.010629655815137
6233.0 0.0104345036306767
6234.0 0.010242240725347
6235.0 0.0100528359034797
6236.0 0.0098662582495308
6237.0 0.0096824770080274
6238.0 0.0095014616308617
6239.0 0.0093231818100321
6240.0 0.009147607433988
6241.0 0.0089747086240095
6242.0 0.0088044556832755
6243.0 0.0086368191332439
6244.0 0.0084717696954612
6245.0 0.0083092783206666
6246.0 0.00814931617424
6247.0 0.0079918545743566
6248.0 0.007836865097488
6249.0 0.0076843195201945
6250.0 0.0075341897972975
6251.0 0.0073864481200871
6252.0 0.0072410668435622
6253.0 0.0070980185737425
6254.0 0.0069572760949085
6255.0 0.0068188123586878
6256.0 0.0066826006041083
6257.0 0.0065486141720612
6258.0 0.0064168266872002
6259.0 0.0062872119087842
6260.0 0.0061597438216267
6261.0 0.006034396632458
6262.0 0.0059111446862516
6263.0 0.0057899625899153
6264.0 0.0056708250995143
6265.0 0.0055537071784783
6266.0 0.005438584004878
6267.0 0.0053254309132171
6268.0 0.0052142234744678
6269.0 0.0051049373978457
6270.0 0.0049975486581388
6271.0 0.0048920333392743
6272.0 0.0047883677689242
6273.0 0.0046865284602972
6274.0 0.0045864921085012
6275.0 0.0044882355905428
6276.0 0.0043917359653278
6277.0 0.0042969704809365
6278.0 0.0042039166219183
6279.0 0.0041125519892375
6280.0 0.0040228543948614
6281.0 0.0039348018472082
6282.0 0.003848372525681
6283.0 0.0037635447988577
6284.0 0.0036802972063014
6285.0 0.003598608487664
6286.0 0.0035184575572202
6287.0 0.0034398234784021
6288.0 0.0033626855583861
6289.0 0.0032870232353161
6290.0 0.0032128161401487
6291.0 0.0031400440784636
6292.0 0.0030686870159115
6293.0 0.0029987251327838
6294.0 0.0029301387767191
6295.0 0.0028629084226849
6296.0 0.0027970147857558
6297.0 0.0027324386974214
6298.0 0.0026691612256399
6299.0 0.0026071635365951
6300.0 0.0025464270402153
6301.0 0.0024869332519301
6302.0 0.002428663898172
6303.0 0.0023716008727205
6304.0 0.0023157262367021
6305.0 0.0022610221894865
6306.0 0.0022074711450841
6307.0 0.0021550556339207
6308.0 0.0021037584010628
6309.0 0.0020535623334581
6310.0 0.0020044504708494
6311.0 0.0019564060385164
6312.0 0.00190941240362
6313.0 0.001863453129772
6314.0 0.0018185119224654
6315.0 0.001774572639988
6316.0 0.0017316192788712
6317.0 0.0016896360539249
6318.0 0.0016486073182022
6319.0 0.0016085175557236
6320.0 0.0015693514360464
6321.0 0.001531093770609
6322.0 0.001493729523645
6323.0 0.0014572438594768
6324.0 0.0014216220224625
6325.0 0.0013868494752387
6326.0 0.0013529117968573
6327.0 0.0013197947155276
6328.0 0.0012874841668235
6329.0 0.0012559661736304
6330.0 0.0012252269298187
6331.0 0.001195252782054
6332.0 0.0011660302261589
6333.0 0.001137545936217
6334.0 0.0011097866517957
6335.0 0.0010827393671206
6336.0 0.0010563911200733
6337.0 0.0010307291559001
6338.0 0.0010057408617285
6339.0 0.0009814137592911
6340.0 0.000957735490374
6341.0 0.0009346938713861
6342.0 0.0009122768351517
6343.0 0.0008904724891181
6344.0 0.0008692690644238
6345.0 0.0008486549122608
6346.0 0.0008286185438919
6347.0 0.0008091485979093
6348.0 0.0007902338875283
6349.0 0.0007718632732576
6350.0 0.0007540258811786
6351.0 0.0007367108373728
6352.0 0.000719907489838
6353.0 0.0007036053320916
6354.0 0.0006877939013065
6355.0 0.0006724629420205
6356.0 0.0006576023261004
6357.0 0.0006432020054489
6358.0 0.0006292521393334
6359.0 0.0006157429234008
6360.0 0.0006026647679391
6361.0 0.0005900081669096
6362.0 0.000577763759793
6363.0 0.0005659222697431
6364.0 0.0005544745836232
6365.0 0.0005434117374534
6366.0 0.0005327248436515
6367.0 0.0005224051456025
6368.0 0.0005124440431245
6369.0 0.0005028329869674
6370.0 0.0004935636607115
6371.0 0.0004846277552132
6372.0 0.000476017143228
6373.0 0.0004677238102885
6374.0 0.0004597398256009
6375.0 0.0004520574402704
6376.0 0.0004446689636097
6377.0 0.0004375668286229
6378.0 0.0004307436211092
6379.0 0.0004241919814376
6380.0 0.0004179047318757
6381.0 0.0004118747601751
6382.0 0.0004060950777784
6383.0 0.0004005588198197
6384.0 0.0003952591905544
6385.0 0.0003901895579474
6386.0 0.0003853433809126
6387.0 0.0003807142129517
6388.0 0.0003762957239814
6389.0 0.0003720816639543
6390.0 0.0003680659501696
6391.0 0.0003642425654106
6392.0 0.0003606055797717
6393.0 0.0003571492052287
6394.0 0.0003538677119649
6395.0 0.0003507555447868
6396.0 0.0003478071739664
6397.0 0.0003450171898293
6398.0 0.0003423803173063
6399.0 0.0003398913322598
6400.0 0.0003375451597094
6401.0 0.0003353367646923
6402.0 0.000333261275955
6403.0 0.0003313138440717
6404.0 0.0003294897578598
6405.0 0.0003277844080002
6406.0 0.0003261932579334
6407.0 0.0003247118729632
6408.0 0.0003233358984289
6409.0 0.0003220610669814
6410.0 0.0003208832422387
6411.0 0.0003197983569407
6412.0 0.0003188023983966
6413.0 0.0003178914630552
6414.0 0.0003170617383148
6415.0 0.0003163095316267
6416.0 0.0003156311868224
6417.0 0.0003150231386825
6418.0 0.0003144819274893
6419.0 0.0003140041444567
6420.0 0.0003135865190415
6421.0 0.0003132258025289
6422.0 0.0003129188771708
6423.0 0.0003126626470475
6424.0 0.0003124541326542
6425.0 0.0003122904490737
6426.0 0.0003121687659586
6427.0 0.0003120863111689
6428.0 0.0003120404144283
6429.0 0.0003120284818578
6430.0 0.0003120479814242
6431.0 0.0003120964865956
6432.0 0.0003121715853922
6433.0 0.0003122709858871
6434.0 0.0003123924179817
6435.0 0.0003125337789242
6436.0 0.0003126929150312
6437.0 0.0003128678145003
6438.0 0.0003130565310129
6439.0 0.0003132571400783
6440.0 0.0003134678627247
6441.0 0.0003136868836008
6442.0 0.0003139125292364
6443.0 0.0003141431589028
6444.0 0.0003143772009934
6445.0 0.0003146131821267
6446.0 0.0003148495925415
6447.0 0.0003150850825477
6448.0 0.0003153183242829
6449.0 0.0003155480444547
6450.0 0.0003157730170642
6451.0 0.0003159920925099
6452.0 0.0003162041903124
6453.0 0.0003164082700095
6454.0 0.0003166033202433
6455.0 0.000316788416967
6456.0 0.0003169626797898
6457.0 0.0003171253047185
6458.0 0.0003172754622937
6459.0 0.0003174124685756
6460.0 0.0003175356359861
6461.0 0.0003176443278789
6462.0 0.0003177379730914
6463.0 0.0003178160259267
6464.0 0.0003178780243615
6465.0 0.0003179235100105
6466.0 0.0003179520645062
6467.0 0.0003179633749823
6468.0 0.0003179571140208
6469.0 0.0003179330306011
6470.0 0.0003178908518748
6471.0 0.0003178304104949
6472.0 0.00031775160096
6473.0 0.000317654270475
6474.0 0.0003175383681082
6475.0 0.0003174038502038
6476.0 0.0003172507203998
6477.0 0.0003170790114381
6478.0 0.00031688882882
6479.0 0.0003166802525811
6480.0 0.0003164534282404
6481.0 0.0003162084904033
6482.0 0.0003159457082801
6483.0 0.0003156652710458
6484.0 0.0003153674515488
6485.0 0.0003150525408273
6486.0 0.0003147208262817
6487.0 0.0003143727044516
6488.0 0.0003140085209452
6489.0 0.00031362865775
6490.0 0.0003132335586997
6491.0 0.0003128236494376
6492.0 0.000312399406539
6493.0 0.0003119613065791
6494.0 0.000311509858875
6495.0 0.0003110455945716
6496.0 0.0003105690630036
6497.0 0.0003100808135059
6498.0 0.0003095814499829
6499.0 0.0003090715581492
6500.0 0.0003085517564613
6501.0 0.0003080226379097
6502.0 0.0003074848937103
6503.0 0.0003069391786993
6504.0 0.0003063861258851
6505.0 0.0003058264228457
6506.0 0.000305260749883
6507.0 0.0003046898455068
6508.0 0.0003041143718292
6509.0 0.0003035350564459
6510.0 0.0003029526269529
6511.0 0.000302367756376
6512.0 0.0003017812668986
6513.0 0.0003011938315466
6514.0 0.0003006062179338
6515.0 0.0003000191536557
6516.0 0.0002994333372043
6517.0 0.0002988495907629
6518.0 0.0002982685909955
6519.0 0.0002976911237055
6520.0 0.0002971178982988
6521.0 0.0002965496569231
6522.0 0.0002959871562779
6523.0 0.0002954310511995
6524.0 0.0002948821347672
6525.0 0.000294341101835
6526.0 0.0002938086327048
6527.0 0.0002932854731625
6528.0 0.0002927722416643
6529.0 0.0002922696949099
6530.0 0.0002917784477176
6531.0 0.0002912991512857
6532.0 0.0002908325150201
6533.0 0.0002903790737036
6534.0 0.0002899394930864
6535.0 0.0002895143661589
6536.0 0.0002891042677219
6537.0 0.00028870978349
6538.0 0.0002883314118662
6539.0 0.0002879697240132
6540.0 0.0002876252001442
6541.0 0.0002872983277484
6542.0 0.000286989579763
6543.0 0.0002866993818315
6544.0 0.0002864281523216
6545.0 0.0002861762986867
6546.0 0.000285944173811
6547.0 0.0002857321233022
6548.0 0.0002855404345609
6549.0 0.0002853694168152
6550.0 0.0002852192992577
6551.0 0.000285090329271
6552.0 0.000284982699668
6553.0 0.000284896519588
6554.0 0.000284831978206
6555.0 0.0002847891300916
6556.0 0.0002847680771083
6557.0 0.0002847687756002
6558.0 0.0002847912401193
6559.0 0.0002848354379239
6560.0 0.0002849012562364
6561.0 0.0002849885677278
6562.0 0.000285097186861
6563.0 0.0002852269099093
6564.0 0.0002853775040421
6565.0 0.0002855486418411
6566.0 0.0002857399886124
6567.0 0.0002859511514543
6568.0 0.0002861817047232
6569.0 0.00028643116093
6570.0 0.0002866989998437
6571.0 0.0002869846139219
6572.0 0.000287287410174
6573.0 0.0002876066791941
6574.0 0.0002879417188523
6575.0 0.0002882917178794
6576.0 0.000288655879558
6577.0 0.0002890332543756
6578.0 0.0002894229255616
6579.0 0.0002898238999478
6580.0 0.0002902350934164
6581.0 0.0002906554109358
6582.0 0.000291083666525
6583.0 0.0002915185541496
6584.0 0.0002919588841905
6585.0 0.0002924032123701
6586.0 0.0002928501453425
6587.0 0.0002932981878984
6588.0 0.000293745775707
6589.0 0.0002941912971436
6590.0 0.0002946330569102
6591.0 0.0002950692942249
6592.0 0.0002954982010123
6593.0 0.0002959178455057
6594.0 0.0002963262995763
6595.0 0.000296721507766
6596.0 0.0002971013818751
6597.0 0.0002974636845465
6598.0 0.0002978061820613
6599.0 0.0002981265679409
