5800.0 0.7221928679672811
5840.0 0.7326877990768977
5880.0 0.7395735985461555
5920.0 0.7436552437260742
5960.0 0.7471257696696118
6000.0 0.7494579199986785
6040.0 0.7507843776795506
6080.0 0.7527309831690853
6120.0 0.754317473752138
6160.0 0.7573217892763997
6200.0 0.7612146601351062
6240.0 0.7660988588315675
6280.0 0.773898410775624
6320.0 0.7824930860620841
6360.0 0.7922980277583123
6400.0 0.8035912081155336
6440.0 0.8145572662209354
6480.0 0.8272287181854854
6520.0 0.838644132815813
6560.0 0.8495341575825593
