6400.0 0.7762251626775116
6405.0 0.7771452525194764
6410.0 0.7779309591266478
6415.0 0.7807484012510199
6420.0 0.7818814182612572
6425.0 0.7835202661866519
6430.0 0.7854162978166953
6435.0 0.7870021161939919
6440.0 0.7886905326720164
6445.0 0.7895694920601187
6450.0 0.7921809972194169
6455.0 0.7944266938270663
6460.0 0.7957811235881831
6465.0 0.7971680475406906
6470.0 0.7993600864299885
6475.0 0.8010632245975422
6480.0 0.8033857573505706
6485.0 0.8049716602760301
6490.0 0.8069372430336732
6495.0 0.8085695427693586
6500.0 0.8099696981282681
6505.0 0.8109428530847927
6510.0 0.8132151077610578
6515.0 0.8147783027264544
6520.0 0.8174516039815443
6525.0 0.8191402922934746
6530.0 0.8209808887453636
6535.0 0.8228742250699552
6540.0 0.8246082437457857
6545.0 0.82661553257951
6550.0 0.8282720777116189
6555.0 0.8296311534597586
6560.0 0.8324509356252727
6565.0 0.8333710419915382
6570.0 0.8352167722653702
6575.0 0.8369751757754953
6580.0 0.8384913620169386
6585.0 0.8399248481033702
6590.0 0.8419377505223633
6595.0 0.842732131116752
