6200.0 9.499626791864556e-07
6201.0 9.532532454503696e-07
6202.0 9.564899419167716e-07
6203.0 9.596725851768184e-07
6204.0 9.628010035900305e-07
6205.0 9.658750226293478e-07
6206.0 9.688944626606857e-07
6207.0 9.718591391649769e-07
6208.0 9.747688767269835e-07
6209.0 9.77623492159907e-07
6210.0 9.804227967258328e-07
6211.0 9.831666138993e-07
6212.0 9.858547465046996e-07
6213.0 9.884870135756785e-07
6214.0 9.910632270404562e-07
6215.0 9.935831841723086e-07
6216.0 9.960467000080795e-07
6217.0 9.984535771501155e-07
6218.0 1.0008036150921384e-06
6219.0 1.0030966148821818e-06
6220.0 1.0053323742376108e-06
6221.0 1.0075106886553442e-06
6222.0 1.0096313511898105e-06
6223.0 1.0116941537852142e-06
6224.0 1.013698878393754e-06
6225.0 1.0156453191800807e-06
6226.0 1.0175332558759465e-06
6227.0 1.0193624651044786e-06
6228.0 1.0211327250431168e-06
6229.0 1.0228438134252116e-06
6230.0 1.0244955011007306e-06
6231.0 1.026087552480348e-06
6232.0 1.027619731530649e-06
6233.0 1.029091807991378e-06
6234.0 1.0305035393898263e-06
6235.0 1.0318546732612788e-06
6236.0 1.0331449640244017e-06
6237.0 1.0343741683183083e-06
6238.0 1.035542019467428e-06
6239.0 1.0366482641188668e-06
6240.0 1.0376926387056784e-06
6241.0 1.038674874553891e-06
6242.0 1.0395947098729152e-06
6243.0 1.0404518602236124e-06
6244.0 1.041246048050226e-06
6245.0 1.041976996019045e-06
6246.0 1.0426444125855028e-06
6247.0 1.0432480064270775e-06
6248.0 1.0437874862212482e-06
6249.0 1.0442625473228162e-06
6250.0 1.044672890637699e-06
6251.0 1.0450181997523345e-06
6252.0 1.045298162027919e-06
6253.0 1.0455124637154256e-06
6254.0 1.0456607777431517e-06
6255.0 1.0457427763732596e-06
6256.0 1.0457581289813334e-06
6257.0 1.0457064860691645e-06
6258.0 1.0455875185666486e-06
6259.0 1.0454008627647229e-06
6260.0 1.0451461771587844e-06
6261.0 1.0448230931547895e-06
6262.0 1.0444312539270584e-06
6263.0 1.0439702782250038e-06
6264.0 1.04343979834276e-06
6265.0 1.0428394230377336e-06
6266.0 1.042168774167962e-06
6267.0 1.0414274520531563e-06
6268.0 1.0406150565689387e-06
6269.0 1.0397311833720837e-06
6270.0 1.03877541968167e-06
6271.0 1.0377473458333952e-06
6272.0 1.036646544161357e-06
6273.0 1.035472572130658e-06
6274.0 1.0342250020833887e-06
6275.0 1.0329033837130908e-06
6276.0 1.0315072740407771e-06
6277.0 1.0300362056625545e-06
6278.0 1.028489726051518e-06
6279.0 1.0268673531488304e-06
6280.0 1.0251686184403752e-06
6281.0 1.0233930292091742e-06
6282.0 1.0215400991775423e-06
6283.0 1.019609327634896e-06
6284.0 1.0176002100958923e-06
6285.0 1.0155122289745575e-06
6286.0 1.013344868683319e-06
6287.0 1.011097593872634e-06
6288.0 1.0087698754102092e-06
6289.0 1.006361166178138e-06
6290.0 1.0038709175042015e-06
6291.0 1.001298563396702e-06
6292.0 9.98643544969369e-07
6293.0 9.959052802432922e-07
6294.0 9.930831932347672e-07
6295.0 9.901766844233606e-07
6296.0 9.871851622822447e-07
6297.0 9.84108015078533e-07
6298.0 9.809446259723131e-07
6299.0 9.776943707962005e-07
6300.0 9.74356620719874e-07
6301.0 9.709307249305963e-07
6302.0 9.674160448280844e-07
6303.0 9.638119116139876e-07
6304.0 9.601176602647143e-07
6305.0 9.563326148764872e-07
6306.0 9.524560895535216e-07
6307.0 9.484873819687324e-07
6308.0 9.444258011193084e-07
6309.0 9.402706273586858e-07
6310.0 9.360211337128276e-07
6311.0 9.316765900990732e-07
6312.0 9.27236256442754e-07
6313.0 9.22699380234704e-07
6314.0 9.180651987517052e-07
6315.0 9.13332944163514e-07
6316.0 9.085018364274332e-07
6317.0 9.035710817340004e-07
6318.0 8.985398769478792e-07
6319.0 8.934074173794215e-07
6320.0 8.881728812415446e-07
6321.0 8.828354358669799e-07
6322.0 8.773942383744071e-07
6323.0 8.718484327818743e-07
6324.0 8.661971682144554e-07
6325.0 8.604395671518716e-07
6326.0 8.545747418597927e-07
6327.0 8.486017970543713e-07
6328.0 8.425198347872254e-07
6329.0 8.36327936015735e-07
6330.0 8.300251717052731e-07
6331.0 8.236106023851164e-07
6332.0 8.170832843656939e-07
6333.0 8.104422519750187e-07
6334.0 8.036865333238552e-07
6335.0 7.968151494175402e-07
6336.0 7.89827105274199e-07
6337.0 7.827213894806562e-07
6338.0 7.754969864048888e-07
6339.0 7.68152867536287e-07
6340.0 7.606879914856535e-07
6341.0 7.531013022088473e-07
6342.0 7.453917376665231e-07
6343.0 7.375582189439456e-07
6344.0 7.295996575784613e-07
6345.0 7.215149513406516e-07
6346.0 7.133029811257074e-07
6347.0 7.049626262745079e-07
6348.0 6.964927456998282e-07
6349.0 6.878921905428825e-07
6350.0 6.791597886302014e-07
6351.0 6.702943717851184e-07
6352.0 6.612947482942388e-07
6353.0 6.52159711345135e-07
6354.0 6.428880472419962e-07
6355.0 6.334785300765589e-07
6356.0 6.239299124022324e-07
6357.0 6.142409441078911e-07
6358.0 6.044103570967962e-07
6359.0 5.944368637322839e-07
6360.0 5.843191739351994e-07
6361.0 5.740559754219277e-07
6362.0 5.636459463609356e-07
6363.0 5.53087756482995e-07
6364.0 5.42380045098767e-07
6365.0 5.315214555157155e-07
6366.0 5.205106061723086e-07
6367.0 5.093461097338547e-07
6368.0 4.980265519982652e-07
6369.0 4.865505223161648e-07
6370.0 4.7491657406695253e-07
6371.0 4.6312327262043606e-07
6372.0 4.511691373831894e-07
6373.0 4.3905270397104346e-07
6374.0 4.267724726947364e-07
6375.0 4.143269380918469e-07
6376.0 4.017145753820728e-07
6377.0 3.889338500151496e-07
6378.0 3.759832043481737e-07
6379.0 3.628610796280185e-07
6380.0 3.495658824625991e-07
6381.0 3.3609602234641045e-07
6382.0 3.224498819065502e-07
6383.0 3.0862583466628735e-07
6384.0 2.9462223483101013e-07
6385.0 2.804374239495644e-07
6386.0 2.660697231426923e-07
6387.0 2.515174455375302e-07
6388.0 2.3677887961426339e-07
6389.0 2.2185230652560506e-07
6390.0 2.067359847757189e-07
6391.0 1.9142815865791365e-07
6392.0 1.7592705314761758e-07
6393.0 1.602308854486978e-07
6394.0 1.4433785144873926e-07
6395.0 1.2824612771744628e-07
6396.0 1.1195388283091745e-07
6397.0 9.545925205856065e-08
6398.0 7.876037355636356e-08
6399.0 6.185535794678287e-08
6400.0 4.4742301197331364e-08
6401.0 2.7419279513551945e-08
6402.0 9.884358220801914e-09
6403.0 -7.864420226155744e-09
6404.0 -2.5829027361368162e-08
6405.0 -4.401145647925375e-08
6406.0 -6.241370931192591e-08
6407.0 -8.10378126825384e-08
6408.0 -9.988580940145653e-08
6409.0 -1.1895976537168452e-07
6410.0 -1.3826174849462802e-07
6411.0 -1.5779385931224965e-07
6412.0 -1.7755821324350054e-07
6413.0 -1.9755693880796346e-07
6414.0 -2.1779218739581554e-07
6415.0 -2.382661248301332e-07
6416.0 -2.589809384723196e-07
6417.0 -2.799388334473463e-07
6418.0 -3.011420317555747e-07
6419.0 -3.2259277538138065e-07
6420.0 -3.442933256270209e-07
6421.0 -3.662459584496958e-07
6422.0 -3.884529737874232e-07
6423.0 -4.109166864552094e-07
6424.0 -4.336394312520753e-07
6425.0 -4.5662356473741283e-07
6426.0 -4.798714616782718e-07
6427.0 -5.03385510164378e-07
6428.0 -5.271681253748994e-07
6429.0 -5.512217415848397e-07
6430.0 -5.755488032832545e-07
6431.0 -6.001517860454442e-07
6432.0 -6.250331743284931e-07
6433.0 -6.50195490781158e-07
6434.0 -6.756412513908572e-07
6435.0 -7.013730105587257e-07
6436.0 -7.273933397833332e-07
6437.0 -7.537048269945501e-07
6438.0 -7.80310086989644e-07
6439.0 -8.072117401169976e-07
6440.0 -8.344124455827995e-07
6441.0 -8.619148732513793e-07
6442.0 -8.897217149694825e-07
6443.0 -9.178356776828878e-07
6444.0 -9.46259499645663e-07
6445.0 -9.749959348770432e-07
6446.0 -1.0040477567141437e-06
6447.0 -1.0334177589221838e-06
6448.0 -1.0631087588031107e-06
6449.0 -1.0931235956412877e-06
6450.0 -1.1234651338121182e-06
6451.0 -1.1541362439082548e-06
6452.0 -1.1851398293849511e-06
6453.0 -1.216478822341216e-06
6454.0 -1.2481561615373948e-06
6455.0 -1.2801748086044284e-06
6456.0 -1.3125377631428847e-06
6457.0 -1.3452480265296884e-06
6458.0 -1.3783086387775256e-06
6459.0 -1.4117226458942866e-06
6460.0 -1.4454931249741063e-06
6461.0 -1.4796231839753204e-06
6462.0 -1.5141159366294232e-06
6463.0 -1.5489745248675746e-06
6464.0 -1.5842021194867328e-06
6465.0 -1.6198019070490233e-06
6466.0 -1.6557770996517007e-06
6467.0 -1.6921309249351424e-06
6468.0 -1.7288666480652637e-06
6469.0 -1.7659875461983887e-06
6470.0 -1.8034969173630344e-06
6471.0 -1.8413980915621408e-06
6472.0 -1.879694415674038e-06
6473.0 -1.9183892654428547e-06
6474.0 -1.9574860323778864e-06
6475.0 -1.996988143293521e-06
6476.0 -2.036899028112771e-06
6477.0 -2.077222161611658e-06
6478.0 -2.1179610349975064e-06
6479.0 -2.1591191563530288e-06
6480.0 -2.2007000686219413e-06
6481.0 -2.2427073305131277e-06
6482.0 -2.2851445307114915e-06
6483.0 -2.328015274555284e-06
6484.0 -2.371323201133535e-06
6485.0 -2.415071967520888e-06
6486.0 -2.4592652563271145e-06
6487.0 -2.503906776141207e-06
6488.0 -2.5490002566463943e-06
6489.0 -2.5945494632750865e-06
6490.0 -2.6405581694533e-06
6491.0 -2.6870301792492057e-06
6492.0 -2.733969333368336e-06
6493.0 -2.7813794856168528e-06
6494.0 -2.8292645164462726e-06
6495.0 -2.877628334285731e-06
6496.0 -2.9264748733215384e-06
6497.0 -2.9758080901665096e-06
6498.0 -3.0256319680788124e-06
6499.0 -3.075950515407655e-06
