6200.0 -0.0478362536887289
6201.0 -0.0470526883655111
6202.0 -0.0462791731479228
6203.0 -0.0455156133830314
6204.0 -0.0447619149344973
6205.0 -0.0440179842844372
6206.0 -0.0432837285334244
6207.0 -0.0425590552840731
6208.0 -0.0418438726919703
6209.0 -0.0411380895602633
6210.0 -0.0404416151868645
6211.0 -0.0397543593935552
6212.0 -0.039076232642401
6213.0 -0.0384071458465768
6214.0 -0.0377470106177497
6215.0 -0.0370957390405237
6216.0 -0.0364532437597517
6217.0 -0.0358194379004999
6218.0 -0.0351942352717742
6219.0 -0.0345775501482421
6220.0 -0.0339692973575438
6221.0 -0.033369392309396
6222.0 -0.032777750850073
6223.0 -0.032194289517065
6224.0 -0.0316189253135235
6225.0 -0.031051575737365
6226.0 -0.0304921589195146
6227.0 -0.0299405934129026
6228.0 -0.0293967984325718
6229.0 -0.028860693637398
6230.0 -0.0283321991955745
6231.0 -0.027811235981062
6232.0 -0.027297725144308
6233.0 -0.0267915885415277
6234.0 -0.026292748429114
6235.0 -0.0258011277110199
6236.0 -0.0253166497568599
6237.0 -0.0248392384819453
6238.0 -0.0243688181944889
6239.0 -0.0239053139521274
6240.0 -0.0234486511326394
6241.0 -0.0229987556449486
6242.0 -0.0225555539800552
6243.0 -0.022118973211036
6244.0 -0.0216889406947302
6245.0 -0.0212653845155728
6246.0 -0.0208482331872801
6247.0 -0.0204374156455742
6248.0 -0.0200328614810132
6249.0 -0.0196345006188494
6250.0 -0.0192422636828268
6251.0 -0.0188560815804521
6252.0 -0.0184758859104476
6253.0 -0.0181016086498857
6254.0 -0.0177331822778796
6255.0 -0.0173705397828598
6256.0 -0.0170136146989534
6257.0 -0.0166623409313615
6258.0 -0.0163166530328453
6259.0 -0.0159764858472044
6260.0 -0.0156417749167303
6261.0 -0.0153124560747528
6262.0 -0.0149884657585062
6263.0 -0.0146697407908504
6264.0 -0.0143562185912742
6265.0 -0.0140478369721677
6266.0 -0.0137445342334103
6267.0 -0.0134462491841986
6268.0 -0.0131529210193548
6269.0 -0.0128644895448815
6270.0 -0.0125808948505437
6271.0 -0.0123020776736666
6272.0 -0.0120279790935455
6273.0 -0.0117585407497244
6274.0 -0.011493704667373
6275.0 -0.0112334133082185
6276.0 -0.0109776097597205
6277.0 -0.010726237342169
6278.0 -0.0104792399870348
6279.0 -0.0102365619823103
6280.0 -0.0099981482126167
6281.0 -0.0097639438172336
6282.0 -0.0095338946193805
6283.0 -0.0093079466532799
6284.0 -0.0090860465206787
6285.0 -0.0088681412526057
6286.0 -0.0086541783457505
6287.0 -0.0084441056751529
6288.0 -0.0082378716542734
6289.0 -0.0080354250458185
6290.0 -0.0078367150781559
6291.0 -0.007641691408935
6292.0 -0.0074503040959825
6293.0 -0.0072625036918907
6294.0 -0.0070782412294647
6295.0 -0.0068974679888924
6296.0 -0.0067201358760939
6297.0 -0.006546197051648
6298.0 -0.0063756042000022
6299.0 -0.00620831039123
6300.0 -0.0060442691246862
6301.0 -0.0058834343799389
6302.0 -0.0057257604057667
6303.0 -0.0055712020039209
6304.0 -0.0054197143326746
6305.0 -0.0052712529577547
6306.0 -0.0051257738596177
6307.0 -0.0049832334334496
6308.0 -0.0048435884673381
6309.0 -0.0047067962004803
6310.0 -0.0045728141994914
6311.0 -0.0044416005330276
6312.0 -0.0043131135535077
6313.0 -0.0041873120426316
6314.0 -0.004064155233209
6315.0 -0.0039436027727788
6316.0 -0.0038256145926425
6317.0 -0.0037101510388311
6318.0 -0.0035971729885204
6319.0 -0.0034866415298893
6320.0 -0.0033785182167775
6321.0 -0.0032727649522712
6322.0 -0.0031693440905655
6323.0 -0.0030682182914461
6324.0 -0.0029693506439798
6325.0 -0.0028727045792038
6326.0 -0.0027782439356087
6327.0 -0.0026859329518629
6328.0 -0.002595736135845
6329.0 -0.0025076184101635
6330.0 -0.0024215451776399
6331.0 -0.0023374820084427
6332.0 -0.0022553950257133
6333.0 -0.0021752506072516
6334.0 -0.002097015552863
6335.0 -0.0020206568806315
6336.0 -0.0019461422125459
6337.0 -0.0018734393161139
6338.0 -0.0018025163881247
6339.0 -0.0017333420400973
6340.0 -0.001665885130933
6341.0 -0.0016001149197109
6342.0 -0.00153600100748
6343.0 -0.0014735132863279
6344.0 -0.0014126221576589
6345.0 -0.0013532981538446
6346.0 -0.0012955123238498
6347.0 -0.0012392359712976
6348.0 -0.0011844407490571
6349.0 -0.001131098550104
6350.0 -0.0010791817840072
6351.0 -0.0010286631222697
6352.0 -0.0009795154692255
6353.0 -0.0009317122021457
6354.0 -0.0008852269893395
6355.0 -0.0008400336955673
6356.0 -0.0007961066730786
6357.0 -0.0007534204924013
6358.0 -0.0007119500805856
6359.0 -0.0006716707430314
6360.0 -0.0006325579743133
6361.0 -0.0005945877055637
6362.0 -0.0005577360861934
6363.0 -0.0005219796221354
6364.0 -0.0004872951176366
6365.0 -0.0004536596898105
6366.0 -0.0004210507540847
6367.0 -0.0003894460605806
6368.0 -0.0003588235995266
6369.0 -0.000329161688569
6370.0 -0.0003004390164278
6371.0 -0.0002726344464463
6372.0 -0.0002457271548337
6373.0 -0.0002196966743213
6374.0 -0.0001945228796103
6375.0 -0.0001701857836451
6376.0 -0.0001466657558921
6377.0 -0.0001239434204762
6378.0 -0.0001019998017
6379.0 -8.08160548331216e-05
6380.0 -6.037369166733697e-05
6381.0 -4.065452958457172e-05
6382.0 -2.1640604245476425e-05
6383.0 -3.314220521133393e-06
6384.0 1.4342011127155274e-05
6385.0 3.134519647574052e-05
6386.0 4.771222302224487e-05
6387.0 6.345967267407104e-05
6388.0 7.860389450797811e-05
6389.0 9.31609101826325e-05
6390.0 0.0001071465376298
6391.0 0.000120576347399
6392.0 0.000133465619001
6393.0 0.0001458293772884
6394.0 0.0001576823851792
6395.0 0.0001690392091404
6396.0 0.0001799140954972
6397.0 0.0001903210359159
6398.0 0.0002002739056479
6399.0 0.0002097861506626
6400.0 0.0002188711514463
6401.0 0.0002275419174111
6402.0 0.0002358112542424
6403.0 0.0002436918075545
6404.0 0.0002511958009563
6405.0 0.0002583354289527
6406.0 0.0002651225513545
6407.0 0.0002715688751777
6408.0 0.0002776857872959
6409.0 0.0002834844344761
6410.0 0.0002889758470701
6411.0 0.0002941707643913
6412.0 0.0002990797438542
6413.0 0.000303713051835
6414.0 0.0003080808673985
6415.0 0.0003121930276392
6416.0 0.0003160591804771
6417.0 0.0003196888646925
6418.0 0.0003230912698199
6419.0 0.0003262754398747
6420.0 0.0003292502369731
6421.0 0.0003320243849884
6422.0 0.0003346062585478
6423.0 0.0003370040576555
6424.0 0.0003392259677639
6425.0 0.0003412797013879
6426.0 0.000343172934663
6427.0 0.0003449132418609
6428.0 0.0003465078261797
6429.0 0.0003479637816781
6430.0 0.0003492880568956
6431.0 0.0003504873529891
6432.0 0.0003515682183206
6433.0 0.000352536990249
6434.0 0.0003533998969942
6435.0 0.0003541629412211
6436.0 0.0003548319946276
6437.0 0.0003554127251845
6438.0 0.0003559105680324
6439.0 0.0003563308928278
6440.0 0.0003566789164324
6441.0 0.0003569595573935
6442.0 0.0003571777124307
6443.0 0.0003573380818124
6444.0 0.0003574451766326
6445.0 0.0003575033770175
6446.0 0.0003575168666429
6447.0 0.0003574897200451
6448.0 0.0003574258880689
6449.0 0.0003573291105567
6450.0 0.0003572030400391
6451.0 0.0003570511107682
6452.0 0.0003568767642718
6453.0 0.0003566830564523
6454.0 0.0003564732105587
6455.0 0.000356250006007
6456.0 0.0003560162876965
6457.0 0.0003557747695595
6458.0 0.0003555279545253
6459.0 0.0003552782436599
6460.0 0.0003550279143382
6461.0 0.0003547791420714
6462.0 0.0003545338913681
6463.0 0.0003542941849445
6464.0 0.0003540617472026
6465.0 0.0003538383462
6466.0 0.0003536254807841
6467.0 0.0003534246134222
6468.0 0.0003532371265464
6469.0 0.0003530642134137
6470.0 0.0003529070672811
6471.0 0.000352766677679
6472.0 0.0003526440559653
6473.0 0.0003525399806676
6474.0 0.0003524552084854
6475.0 0.0003523903651512
6476.0 0.0003523459963616
6477.0 0.000352322589606
6478.0 0.0003523204941302
6479.0 0.0003523400300764
6480.0 0.0003523813502397
6481.0 0.0003524446728988
6482.0 0.0003525299034663
6483.0 0.000352637071046
6484.0 0.0003527660592226
6485.0 0.0003529166497173
6486.0 0.0003530886460794
6487.0 0.0003532816190272
6488.0 0.0003534952484187
6489.0 0.0003537290467647
6490.0 0.0003539825047482
6491.0 0.0003542549384292
6492.0 0.0003545457875588
6493.0 0.0003548543245415
6494.0 0.0003551797926775
6495.0 0.0003555213261279
6496.0 0.0003558781609172
6497.0 0.0003562492493074
6498.0 0.0003566336745279
6499.0 0.0003570304761524
6500.0 0.0003574385264073
6501.0 0.0003578568357625
6502.0 0.0003582841891329
6503.0 0.0003587194223655
6504.0 0.0003591613931348
6505.0 0.0003596087262849
6506.0 0.0003600603158702
6507.0 0.0003605147794587
6508.0 0.0003609708801377
6509.0 0.0003614271918195
6510.0 0.0003618823757278
6511.0 0.0003623350567067
6512.0 0.0003627838450483
6513.0 0.0003632273292168
6514.0 0.000363664010365
6515.0 0.0003640925424406
6516.0 0.0003645114411483
6517.0 0.0003649192440207
6518.0 0.000365314517694
6519.0 0.0003656957633211
6520.0 0.0003660615402623
6521.0 0.0003664103496703
6522.0 0.0003667408309411
6523.0 0.0003670514925033
6524.0 0.0003673408500617
6525.0 0.0003676075139082
6526.0 0.0003678500652313
6527.0 0.0003680670415633
6528.0 0.00036825711868
6529.0 0.0003684189796331
6530.0 0.0003685512419906
6531.0 0.0003686525378725
6532.0 0.0003687216085381
6533.0 0.0003687571952468
6534.0 0.0003687580392579
6535.0 0.0003687229691422
6536.0 0.0003686507843667
6537.0 0.0003685403862618
6538.0 0.000368390668882
6539.0 0.0003682006135932
6540.0 0.0003679691290017
6541.0 0.0003676952837849
6542.0 0.000367378226656
6543.0 0.00036701704812
6544.0 0.0003666109405457
6545.0 0.0003661591836134
6546.0 0.0003656609915196
6547.0 0.0003651158185675
6548.0 0.0003645229735411
6549.0 0.0003638820635387
6550.0 0.0003631925355875
6551.0 0.0003624540913733
6552.0 0.0003616664107539
6553.0 0.0003608291590353
6554.0 0.0003599422925617
6555.0 0.0003590055712265
6556.0 0.000358019133273
6557.0 0.0003569829641492
6558.0 0.0003558972748578
6559.0 0.0003547623127815
6560.0 0.0003535783616825
6561.0 0.0003523458144627
6562.0 0.0003510651949909
6563.0 0.0003497371799312
6564.0 0.0003483623731881
6565.0 0.0003469416697043
6566.0 0.0003454759062151
6567.0 0.0003439661813899
6568.0 0.0003424134847591
6569.0 0.0003408191405469
6570.0 0.0003391843783902
6571.0 0.0003375107480678
6572.0 0.0003357997120474
6573.0 0.0003340530602145
6574.0 0.0003322725315229
6575.0 0.0003304600395495
6576.0 0.0003286176215624
6577.0 0.0003267474749009
6578.0 0.0003248519060434
6579.0 0.0003229332724004
6580.0 0.000320994251524
6581.0 0.0003190374482073
6582.0 0.0003170657728333
6583.0 0.0003150821357849
6584.0 0.0003130897239316
6585.0 0.0003110917459707
6586.0 0.0003090916434302
6587.0 0.0003070929960813
6588.0 0.0003050994782825
6589.0 0.0003031150044989
6590.0 0.0003011435692314
6591.0 0.0002991893852595
6592.0 0.0002972567599499
6593.0 0.0002953501971205
6594.0 0.0002934744479716
6595.0 0.0002916343073593
6596.0 0.0002898347302107
6597.0 0.0002880810570786
6598.0 0.0002863784757209
6599.0 0.000284732595901
