6200.0 9.192638943389396e-07
6201.0 9.267264529100316e-07
6202.0 9.340649826938828e-07
6203.0 9.412790165086448e-07
6204.0 9.483680720734356e-07
6205.0 9.55331707075402e-07
6206.0 9.621694836425831e-07
6207.0 9.688810074237608e-07
6208.0 9.754658831795382e-07
6209.0 9.819237742902942e-07
6210.0 9.88254325484661e-07
6211.0 9.944572285647268e-07
6212.0 1.0005322073070031e-06
6213.0 1.0064789748298608e-06
6214.0 1.0122972948778397e-06
6215.0 1.017986962281725e-06
6216.0 1.0235477709841234e-06
6217.0 1.0289795451257078e-06
6218.0 1.0342821550324288e-06
6219.0 1.0394554808002e-06
6220.0 1.0444994140712538e-06
6221.0 1.0494139042194206e-06
6222.0 1.0541988793022483e-06
6223.0 1.058854345536986e-06
6224.0 1.0633803118054177e-06
6225.0 1.0677767914302194e-06
6226.0 1.0720438705646984e-06
6227.0 1.0761816167104143e-06
6228.0 1.0801901471069186e-06
6229.0 1.084069615409078e-06
6230.0 1.0878201850417213e-06
6231.0 1.0914420451868525e-06
6232.0 1.0949354178890758e-06
6233.0 1.0983005651610256e-06
6234.0 1.1015377641143689e-06
6235.0 1.104647323835195e-06
6236.0 1.1076295756140553e-06
6237.0 1.1104848871568151e-06
6238.0 1.1132136661373693e-06
6239.0 1.115816317565077e-06
6240.0 1.1182933112863225e-06
6241.0 1.1206451144829543e-06
6242.0 1.122872263614738e-06
6243.0 1.124975275601514e-06
6244.0 1.1269547517400724e-06
6245.0 1.1288112728990995e-06
6246.0 1.1305454910015555e-06
6247.0 1.1321580712930768e-06
6248.0 1.133649696782868e-06
6249.0 1.1350211170935154e-06
6250.0 1.1362730818476052e-06
6251.0 1.1374063859648231e-06
6252.0 1.1384218572274565e-06
6253.0 1.1393203589449286e-06
6254.0 1.1401027677493405e-06
6255.0 1.14077001178714e-06
6256.0 1.1413230582846268e-06
6257.0 1.141762885126241e-06
6258.0 1.1420905288161975e-06
6259.0 1.1423070267468916e-06
6260.0 1.1424134784832065e-06
6261.0 1.1424110226698758e-06
6262.0 1.1423007970634558e-06
6263.0 1.1420840131393106e-06
6264.0 1.1417618877018754e-06
6265.0 1.1413356997280744e-06
6266.0 1.1408067290830104e-06
6267.0 1.1401763382323793e-06
6268.0 1.139445860331989e-06
6269.0 1.1386167368954148e-06
6270.0 1.1376903970017338e-06
6271.0 1.1366683123625876e-06
6272.0 1.1355520186384638e-06
6273.0 1.134343044384423e-06
6274.0 1.133043001644296e-06
6275.0 1.1316535140082351e-06
6276.0 1.1301762441462415e-06
6277.0 1.128612882261848e-06
6278.0 1.126965181619255e-06
6279.0 1.125234929233443e-06
6280.0 1.1234239236657118e-06
6281.0 1.1215340469661328e-06
6282.0 1.119567169638458e-06
6283.0 1.117525227911642e-06
6284.0 1.1154102192989512e-06
6285.0 1.1132241253264397e-06
6286.0 1.1109690278843232e-06
6287.0 1.1086470008692118e-06
6288.0 1.1062601927847029e-06
6289.0 1.1038107592398203e-06
6290.0 1.101300932226934e-06
6291.0 1.0987329632783371e-06
6292.0 1.0961091376771035e-06
6293.0 1.0934318126487597e-06
6294.0 1.0907033596296856e-06
6295.0 1.0879262015706104e-06
6296.0 1.0851027960612214e-06
6297.0 1.0822356575346248e-06
6298.0 1.0793273377274204e-06
6299.0 1.07638042656788e-06
6300.0 1.0733975503995907e-06
6301.0 1.0703813906332016e-06
6302.0 1.0673346899636726e-06
6303.0 1.064260174210574e-06
6304.0 1.061160686433027e-06
6305.0 1.0580390616965474e-06
6306.0 1.054898200791854e-06
6307.0 1.05174106934669e-06
6308.0 1.0485706214424797e-06
6309.0 1.045389907972094e-06
6310.0 1.0422019975919738e-06
6311.0 1.0390100211310482e-06
6312.0 1.035817156491703e-06
6313.0 1.0326266002280704e-06
6314.0 1.0294416243894489e-06
6315.0 1.026265527670489e-06
6316.0 1.0231016824846506e-06
6317.0 1.019953471903534e-06
6318.0 1.0168243536057275e-06
6319.0 1.0137178225733123e-06
6320.0 1.0106374146445771e-06
6321.0 1.0075867491465829e-06
6322.0 1.0045694374127834e-06
6323.0 1.0015891875880811e-06
6324.0 9.98649711370092e-07
6325.0 9.957548225969504e-07
6326.0 9.929083271131844e-07
6327.0 9.90114137344733e-07
6328.0 9.873761701584272e-07
6329.0 9.84698409034479e-07
6330.0 9.820848960728767e-07
6331.0 9.795397026834962e-07
6332.0 9.77066975771379e-07
6333.0 9.746708844460272e-07
6334.0 9.723556750884654e-07
6335.0 9.701256376004608e-07
6336.0 9.679851018518093e-07
6337.0 9.659384510030122e-07
6338.0 9.639901357161309e-07
6339.0 9.621446555030388e-07
6340.0 9.604065436263909e-07
6341.0 9.587804070676498e-07
6342.0 9.572708847827016e-07
6343.0 9.55882692998955e-07
6344.0 9.54620588800026e-07
6345.0 9.534893674612022e-07
6346.0 9.524939148519708e-07
6347.0 9.51639133717208e-07
6348.0 9.509300040733136e-07
6349.0 9.503715414638236e-07
6350.0 9.49968846697402e-07
6351.0 9.497270374581036e-07
6352.0 9.496513122542184e-07
6353.0 9.497469326547048e-07
6354.0 9.500191717748408e-07
6355.0 9.504734190812768e-07
6356.0 9.511150587115936e-07
6357.0 9.519495858256732e-07
6358.0 9.529825142351456e-07
6359.0 9.54219440352233e-07
6360.0 9.556659845699755e-07
6361.0 9.573278552110764e-07
6362.0 9.592108254352638e-07
6363.0 9.613206808367636e-07
6364.0 9.636633153675689e-07
6365.0 9.662446407432412e-07
6366.0 9.690706521681136e-07
6367.0 9.721474052426515e-07
6368.0 9.754809964235278e-07
6369.0 9.790775923335104e-07
6370.0 9.829434057806452e-07
6371.0 9.870847392789983e-07
6372.0 9.915079361988433e-07
6373.0 9.962193940893371e-07
6374.0 1.0012255629021638e-06
6375.0 1.0065329849595628e-06
6376.0 1.012148254098122e-06
6377.0 1.01807799168796e-06
6378.0 1.0243289283451418e-06
6379.0 1.0309078151138351e-06
6380.0 1.0378214909678718e-06
6381.0 1.0450768632708218e-06
6382.0 1.0526808704725e-06
6383.0 1.0606405345114922e-06
6384.0 1.068962926176198e-06
6385.0 1.0776552139546425e-06
6386.0 1.0867245885393118e-06
6387.0 1.096178315229679e-06
6388.0 1.10602374192581e-06
6389.0 1.1162682520549083e-06
6390.0 1.1269193302965164e-06
6391.0 1.1379844790937454e-06
6392.0 1.1494713021420466e-06
6393.0 1.1613874546512193e-06
6394.0 1.1737406593326227e-06
6395.0 1.1865387046228193e-06
6396.0 1.1997894402426823e-06
6397.0 1.2135007745328608e-06
6398.0 1.2276807019873104e-06
6399.0 1.2423372819370115e-06
6400.0 1.257478614569152e-06
6401.0 1.2731128986587237e-06
6402.0 1.2892483782778186e-06
6403.0 1.305893371217337e-06
6404.0 1.3230562698751669e-06
6405.0 1.340745513722652e-06
6406.0 1.3589696541416174e-06
6407.0 1.3777372460666015e-06
6408.0 1.3970569767707277e-06
6409.0 1.416937553955222e-06
6410.0 1.437387793679079e-06
6411.0 1.4584165413111805e-06
6412.0 1.48003274791364e-06
6413.0 1.5022454116220274e-06
6414.0 1.5250636078434354e-06
6415.0 1.5484964963619063e-06
6416.0 1.5725532644950135e-06
6417.0 1.5972432274580228e-06
6418.0 1.6225757306642663e-06
6419.0 1.648560208344918e-06
6420.0 1.6752061418046085e-06
6421.0 1.702523121593913e-06
6422.0 1.730520805764968e-06
6423.0 1.7592088763507263e-06
6424.0 1.7885971512754395e-06
6425.0 1.818695472444176e-06
6426.0 1.8495137839025235e-06
6427.0 1.8810620980858064e-06
6428.0 1.9133504833845905e-06
6429.0 1.946389105889068e-06
6430.0 1.9801881858683146e-06
6431.0 2.0147580368501394e-06
6432.0 2.050109023876701e-06
6433.0 2.086251609689782e-06
6434.0 2.123196311210052e-06
6435.0 2.160953741281446e-06
6436.0 2.1995345775849277e-06
6437.0 2.238949550203984e-06
6438.0 2.279209521560688e-06
6439.0 2.32032537272886e-06
6440.0 2.3623080949164432e-06
6441.0 2.405168754826548e-06
6442.0 2.448918473341166e-06
6443.0 2.49356846815374e-06
6444.0 2.5391300200183764e-06
6445.0 2.585614512717882e-06
6446.0 2.633033380661232e-06
6447.0 2.6813981541806697e-06
6448.0 2.730720424004573e-06
6449.0 2.78101188211366e-06
6450.0 2.8322842968719897e-06
6451.0 2.8845494712825825e-06
6452.0 2.93781936466786e-06
6453.0 2.9921059363502422e-06
6454.0 3.0474212957543045e-06
6455.0 3.103777588719936e-06
6456.0 3.1611870472403325e-06
6457.0 3.2196619876856403e-06
6458.0 3.2792148196847397e-06
6459.0 3.339858023920783e-06
6460.0 3.4016041547957343e-06
6461.0 3.464465859082111e-06
6462.0 3.5284558590475967e-06
6463.0 3.593586959560469e-06
6464.0 3.659872070294057e-06
6465.0 3.7273241506596833e-06
6466.0 3.79595624444562e-06
6467.0 3.865781494916121e-06
6468.0 3.936813140370532e-06
6469.0 4.009064467069834e-06
6470.0 4.082548881179093e-06
6471.0 4.157279846594975e-06
6472.0 4.233270916920162e-06
6473.0 4.310535743456967e-06
6474.0 4.389088049450152e-06
6475.0 4.468941650515035e-06
6476.0 4.550110441314814e-06
6477.0 4.632608401777816e-06
6478.0 4.716449615749241e-06
6479.0 4.801648223029531e-06
6480.0 4.888218470888717e-06
6481.0 4.9761746918619565e-06
6482.0 5.065531301085002e-06
6483.0 5.156302797182377e-06
6484.0 5.248503780030944e-06
6485.0 5.3421489090155205e-06
6486.0 5.437252952766869e-06
6487.0 5.533830797155304e-06
6488.0 5.631897344926529e-06
6489.0 5.731467657810185e-06
6490.0 5.832556824181268e-06
6491.0 5.9351800834051005e-06
6492.0 6.039352711262325e-06
6493.0 6.145090125642128e-06
6494.0 6.252407763973622e-06
6495.0 6.36132122178168e-06
6496.0 6.471846161204553e-06
6497.0 6.583998317211126e-06
6498.0 6.697793551779796e-06
6499.0 6.813247767745168e-06
