5800.0 0.6631948220131664
5840.0 0.6749998413716932
5880.0 0.6815554514362316
5920.0 0.7003679105106492
5960.0 0.7124597726551516
6000.0 0.7205346037595857
6040.0 0.7268671891888319
6080.0 0.7313312133321396
6120.0 0.7353995938800927
6160.0 0.7381758151016242
6200.0 0.7421579586247885
6240.0 0.7473830885575614
6280.0 0.7545858471303645
6320.0 0.7636053744510682
6360.0 0.7745926643652947
6400.0 0.7872877831503843
6440.0 0.8015276105535425
6480.0 0.8159556957854298
6520.0 0.8293063401367784
6560.0 0.8420066035397968
