6200.0 8.527872843444584e-07
6201.0 8.646510352150472e-07
6202.0 8.764133454519651e-07
6203.0 8.880719128967485e-07
6204.0 8.996244531545017e-07
6205.0 9.110686498559062e-07
6206.0 9.224021972897843e-07
6207.0 9.336228785628008e-07
6208.0 9.44728455465338e-07
6209.0 9.55716675576923e-07
6210.0 9.66585353978644e-07
6211.0 9.77332305751588e-07
6212.0 9.879554063729756e-07
6213.0 9.984524780293214e-07
6214.0 1.0088213926451315e-06
6215.0 1.0190600967519003e-06
6216.0 1.0291665155648388e-06
6217.0 1.0391386027208682e-06
6218.0 1.048974340278619e-06
6219.0 1.0586717422711445e-06
6220.0 1.0682288440477803e-06
6221.0 1.077643709379572e-06
6222.0 1.0869144126957051e-06
6223.0 1.0960390994796398e-06
6224.0 1.1050159436365448e-06
6225.0 1.113843087097166e-06
6226.0 1.1225187712682327e-06
6227.0 1.1310412446619011e-06
6228.0 1.1394087380267592e-06
6229.0 1.147619649088938e-06
6230.0 1.155672240571448e-06
6231.0 1.1635649670438395e-06
6232.0 1.1712961942578204e-06
6233.0 1.178864440731786e-06
6234.0 1.1862681148500087e-06
6235.0 1.1935058097378717e-06
6236.0 1.2005760758881934e-06
6237.0 1.2074775384007808e-06
6238.0 1.2142088117172989e-06
6239.0 1.2207686062026823e-06
6240.0 1.227155685512571e-06
6241.0 1.2333687706700402e-06
6242.0 1.23940669283229e-06
6243.0 1.2452683506580795e-06
6244.0 1.250952621489887e-06
6245.0 1.256458450171749e-06
6246.0 1.2617848668128318e-06
6247.0 1.2669308517843092e-06
6248.0 1.2718955488821848e-06
6249.0 1.276678101902462e-06
6250.0 1.2812776972737083e-06
6251.0 1.2856935853733376e-06
6252.0 1.2899250201314771e-06
6253.0 1.2939713229798144e-06
6254.0 1.2978319645640113e-06
6255.0 1.3015063302646013e-06
6256.0 1.3049939653342335e-06
6257.0 1.3082943581821382e-06
6258.0 1.3114072210385077e-06
6259.0 1.3143321524466955e-06
6260.0 1.317068836215185e-06
6261.0 1.3196171302354287e-06
6262.0 1.3219768177918922e-06
6263.0 1.3241478029613063e-06
6264.0 1.3261300679801025e-06
6265.0 1.3279236021901395e-06
6266.0 1.329528515725542e-06
6267.0 1.330944893851438e-06
6268.0 1.332172992363212e-06
6269.0 1.3332129960019756e-06
6270.0 1.3340653204352293e-06
6271.0 1.3347303173816272e-06
6272.0 1.3352084273776654e-06
6273.0 1.335500211752105e-06
6274.0 1.3356062709135583e-06
6275.0 1.3355272230342052e-06
6276.0 1.3352638070784906e-06
6277.0 1.3348168188542786e-06
6278.0 1.334187135881848e-06
6279.0 1.333375674761328e-06
6280.0 1.3323834764378262e-06
6281.0 1.3312115925145918e-06
6282.0 1.329861191834425e-06
6283.0 1.3283335249525408e-06
6284.0 1.326629821107872e-06
6285.0 1.3247515440184543e-06
6286.0 1.3227000792426225e-06
6287.0 1.3204769935271088e-06
6288.0 1.3180838571713591e-06
6289.0 1.3155224465322135e-06
6290.0 1.3127944313851003e-06
6291.0 1.30990173374812e-06
6292.0 1.3068461797161035e-06
6293.0 1.3036298653901213e-06
6294.0 1.300254819369684e-06
6295.0 1.296723258548127e-06
6296.0 1.293037446004064e-06
6297.0 1.289199655474249e-06
6298.0 1.2852123738582575e-06
6299.0 1.281078109371947e-06
6300.0 1.2767994306273067e-06
6301.0 1.272379012817737e-06
6302.0 1.267819662587044e-06
6303.0 1.2631242327643122e-06
6304.0 1.2582956578910398e-06
6305.0 1.2533370288281276e-06
6306.0 1.2482514115674803e-06
6307.0 1.2430420888165372e-06
6308.0 1.2377123184137415e-06
6309.0 1.2322655891239265e-06
6310.0 1.2267053293157917e-06
6311.0 1.2210351876262848e-06
6312.0 1.2152588588776323e-06
6313.0 1.2093801124990478e-06
6314.0 1.2034029097662824e-06
6315.0 1.1973311124791053e-06
6316.0 1.191168895076089e-06
6317.0 1.184920446206661e-06
6318.0 1.178590025574522e-06
6319.0 1.1721820278864925e-06
6320.0 1.1657010112742228e-06
6321.0 1.1591514699205163e-06
6322.0 1.1525381147237113e-06
6323.0 1.1458658164542612e-06
6324.0 1.1391394068027694e-06
6325.0 1.1323639306226596e-06
6326.0 1.1255445464541936e-06
6327.0 1.1186864270484875e-06
6328.0 1.1117949227923418e-06
6329.0 1.1048754728903989e-06
6330.0 1.0979336551031338e-06
6331.0 1.0909750969290144e-06
6332.0 1.0840056248184735e-06
6333.0 1.077031065221945e-06
6334.0 1.0700574435418275e-06
6335.0 1.0630909166309266e-06
6336.0 1.0561376520001886e-06
6337.0 1.0492040196652397e-06
6338.0 1.0422965033285436e-06
6339.0 1.0354216293251284e-06
6340.0 1.028586101625706e-06
6341.0 1.021796776967676e-06
6342.0 1.015060547615576e-06
6343.0 1.0083844692587718e-06
6344.0 1.0017757254843218e-06
6345.0 9.952416135661224e-07
6346.0 9.887895338067665e-07
6347.0 9.824270179592531e-07
6348.0 9.761617292269875e-07
6349.0 9.700014764746356e-07
6350.0 9.639541787009875e-07
6351.0 9.580278543808165e-07
6352.0 9.52230664097442e-07
6353.0 9.465709105427322e-07
6354.0 9.41057031411674e-07
6355.0 9.356975176899596e-07
6356.0 9.305011374749484e-07
6357.0 9.254766197841492e-07
6358.0 9.206329814048786e-07
6359.0 9.159792533353084e-07
6360.0 9.115246513147212e-07
6361.0 9.072785402963746e-07
6362.0 9.032503953676496e-07
6363.0 8.994497768810561e-07
6364.0 8.958864796682064e-07
6365.0 8.925703909312688e-07
6366.0 8.895115186646763e-07
6367.0 8.867200982365375e-07
6368.0 8.842063152769697e-07
6369.0 8.81980696476603e-07
6370.0 8.80053811158632e-07
6371.0 8.784363565439435e-07
6372.0 8.77139232358104e-07
6373.0 8.761734626716589e-07
6374.0 8.755501710311364e-07
6375.0 8.752806870404584e-07
6376.0 8.753764575430978e-07
6377.0 8.758490892546433e-07
6378.0 8.767102741558119e-07
6379.0 8.77971942259137e-07
6380.0 8.796461123949939e-07
6381.0 8.817450165565788e-07
6382.0 8.842809897657844e-07
6383.0 8.87266484284055e-07
6384.0 8.907141832992238e-07
6385.0 8.946368730278209e-07
6386.0 8.990474604786414e-07
6387.0 9.039591226667198e-07
6388.0 9.093851218722192e-07
6389.0 9.153388020877172e-07
6390.0 9.218338306027364e-07
6391.0 9.288838676013712e-07
6392.0 9.365028859065204e-07
6393.0 9.44704851235656e-07
6394.0 9.535039957597746e-07
6395.0 9.629147577072672e-07
6396.0 9.729515859646654e-07
6397.0 9.836292278464498e-07
6398.0 9.949625621175071e-07
6399.0 1.0069666238621269e-06
6400.0 1.0196565334297247e-06
6401.0 1.0330476918340992e-06
6402.0 1.0471556031177442e-06
6403.0 1.061996005802257e-06
6404.0 1.0775846845945123e-06
6405.0 1.0939378007890357e-06
6406.0 1.1110714410733635e-06
6407.0 1.1290020118792654e-06
6408.0 1.1477460191144928e-06
6409.0 1.1673202209294686e-06
6410.0 1.1877414998195943e-06
6411.0 1.2090269265740972e-06
6412.0 1.2311937211961776e-06
6413.0 1.254259316851858e-06
6414.0 1.2782413030265616e-06
6415.0 1.3031574148669731e-06
6416.0 1.3290256113407397e-06
6417.0 1.3558640183930493e-06
6418.0 1.3836909573683442e-06
6419.0 1.4125249094831815e-06
6420.0 1.4423845122735202e-06
6421.0 1.473288680386986e-06
6422.0 1.5052563711037692e-06
6423.0 1.5383068650010046e-06
6424.0 1.5724594781829635e-06
6425.0 1.6077338713671452e-06
6426.0 1.6441498154051717e-06
6427.0 1.6817272303626396e-06
6428.0 1.7204862814423905e-06
6429.0 1.7604473505627991e-06
6430.0 1.801630901354656e-06
6431.0 1.8440576425859945e-06
6432.0 1.887748538820233e-06
6433.0 1.932724636333205e-06
6434.0 1.97900728693412e-06
6435.0 2.026617927697316e-06
6436.0 2.075578269256084e-06
6437.0 2.125910182115831e-06
6438.0 2.1776357463920704e-06
6439.0 2.2307772020724315e-06
6440.0 2.285357048492642e-06
6441.0 2.3413979270969776e-06
6442.0 2.398922749335952e-06
6443.0 2.4579545581104867e-06
6444.0 2.518516591720754e-06
6445.0 2.5806323904475903e-06
6446.0 2.6443255656261044e-06
6447.0 2.709620005703073e-06
6448.0 2.776539783866383e-06
6449.0 2.845109253968303e-06
6450.0 2.915352833809948e-06
6451.0 2.987295218304098e-06
6452.0 3.0609613901333432e-06
6453.0 3.136376417245401e-06
6454.0 3.213565669568652e-06
6455.0 3.29255458808575e-06
6456.0 3.373369004577853e-06
6457.0 3.456034839643962e-06
6458.0 3.540578298100172e-06
6459.0 3.627025776609116e-06
6460.0 3.715403813941976e-06
6461.0 3.805739289930443e-06
6462.0 3.89805918743491e-06
6463.0 3.99239079129643e-06
6464.0 4.088761539122743e-06
6465.0 4.18719916694954e-06
6466.0 4.28773152449935e-06
6467.0 4.39038680966064e-06
6468.0 4.49519328782344e-06
6469.0 4.602179579649146e-06
6470.0 4.71137446567127e-06
6471.0 4.822806957349712e-06
6472.0 4.936506307728905e-06
6473.0 5.052501951041677e-06
6474.0 5.170823627054233e-06
6475.0 5.291501235404894e-06
6476.0 5.414564942185507e-06
6477.0 5.540045076912747e-06
6478.0 5.667972281742095e-06
6479.0 5.798377419097278e-06
6480.0 5.931291497063285e-06
6481.0 6.066745818600339e-06
6482.0 6.204771970885759e-06
6483.0 6.345401708074405e-06
6484.0 6.488667004589388e-06
6485.0 6.63460011907091e-06
6486.0 6.783233512663856e-06
6487.0 6.934599927177487e-06
6488.0 7.088732242976903e-06
6489.0 7.245663734778418e-06
6490.0 7.405427798090614e-06
6491.0 7.568058073559314e-06
6492.0 7.733588489600152e-06
6493.0 7.902053219766003e-06
6494.0 8.073486643667138e-06
6495.0 8.247923403814639e-06
6496.0 8.425398402067685e-06
6497.0 8.605946707263001e-06
6498.0 8.789603800352097e-06
6499.0 8.976405201366333e-06
