5800.0 0.6608785740140869
5840.0 0.6726002855426417
5880.0 0.6718636518038165
5920.0 0.6902286609127507
5960.0 0.7061137151279507
6000.0 0.717393177358895
6040.0 0.7248912465643497
6080.0 0.7295654891727724
6120.0 0.7332283894197812
6160.0 0.7358552471514448
6200.0 0.738723571375932
6240.0 0.7430610935459668
6280.0 0.7494511422845138
6320.0 0.7579680740127438
6360.0 0.7690386506731808
6400.0 0.7819608011489619
6440.0 0.7965678418848399
6480.0 0.811714714063097
6520.0 0.8268661498245592
6560.0 0.8402197854998681
