6200.0 7.941161630498073e-07
6201.0 8.048971205099065e-07
6202.0 8.156052500041255e-07
6203.0 8.262407344972189e-07
6204.0 8.368037134331985e-07
6205.0 8.472943635595698e-07
6206.0 8.577128571829462e-07
6207.0 8.68059340852767e-07
6208.0 8.783339708884341e-07
6209.0 8.885369036093493e-07
6210.0 8.986683015521635e-07
6211.0 9.087282855091416e-07
6212.0 9.187170109115072e-07
6213.0 9.286346269732348e-07
6214.0 9.384812624801951e-07
6215.0 9.482570186847284e-07
6216.0 9.57962041248095e-07
6217.0 9.675964562916306e-07
6218.0 9.771603606267831e-07
6219.0 9.86653863499498e-07
6220.0 9.960770581685097e-07
6221.0 1.0054300547679418e-06
6222.0 1.0147129057003212e-06
6223.0 1.02392573353427e-06
6224.0 1.0330685773496384e-06
6225.0 1.0421415019834512e-06
6226.0 1.051144582930874e-06
6227.0 1.0600778326264049e-06
6228.0 1.0689413256770308e-06
6229.0 1.0777350745172498e-06
6230.0 1.0864590933579166e-06
6231.0 1.0951134035153132e-06
6232.0 1.10369799344312e-06
6233.0 1.1122128569240886e-06
6234.0 1.1206579673128658e-06
6235.0 1.1290333166158462e-06
6236.0 1.1373388355551128e-06
6237.0 1.1455744912680643e-06
6238.0 1.1537402109240702e-06
6239.0 1.161835911034359e-06
6240.0 1.169861517880122e-06
6241.0 1.1778169000109528e-06
6242.0 1.1857019757144371e-06
6243.0 1.1935166028820277e-06
6244.0 1.2012606234179657e-06
6245.0 1.2089339191945214e-06
6246.0 1.2165362921479073e-06
6247.0 1.2240675824060077e-06
6248.0 1.2315275732532882e-06
6249.0 1.2389160559678205e-06
6250.0 1.2462328111695342e-06
6251.0 1.2534775830630451e-06
6252.0 1.2606501362810718e-06
6253.0 1.2677501581848103e-06
6254.0 1.2747773823207351e-06
6255.0 1.2817315173663246e-06
6256.0 1.2886122053856752e-06
6257.0 1.295419132851805e-06
6258.0 1.302151910742566e-06
6259.0 1.308810201550159e-06
6260.0 1.3153935576326603e-06
6261.0 1.3219016201659883e-06
6262.0 1.3283339201919375e-06
6263.0 1.3346900171740117e-06
6264.0 1.3409694412658268e-06
6265.0 1.34717169952836e-06
6266.0 1.35329629813441e-06
6267.0 1.3593426828606423e-06
6268.0 1.3653103145827572e-06
6269.0 1.3711986275311006e-06
6270.0 1.3770070159679904e-06
6271.0 1.3827348759321012e-06
6272.0 1.388381561717722e-06
6273.0 1.3939464356127471e-06
6274.0 1.3994287852980849e-06
6275.0 1.4048279499689895e-06
6276.0 1.4101431737856274e-06
6277.0 1.4153737133426605e-06
6278.0 1.4205187985893986e-06
6279.0 1.4255776319416211e-06
6280.0 1.4305494104860372e-06
6281.0 1.4354332655841515e-06
6282.0 1.440228349025574e-06
6283.0 1.444933750427424e-06
6284.0 1.4495485487486803e-06
6285.0 1.4540718238365002e-06
6286.0 1.458502571161091e-06
6287.0 1.4628398217197969e-06
6288.0 1.4670825487783643e-06
6289.0 1.471229690075404e-06
6290.0 1.4752801797968118e-06
6291.0 1.4792328908441732e-06
6292.0 1.4830867174353557e-06
6293.0 1.486840496944808e-06
6294.0 1.490493021449879e-06
6295.0 1.4940430874688104e-06
6296.0 1.497489463098134e-06
6297.0 1.5008308285047178e-06
6298.0 1.5040659420151314e-06
6299.0 1.5071934109656129e-06
6300.0 1.5102118977594614e-06
6301.0 1.513120015061986e-06
6302.0 1.5159163169187195e-06
6303.0 1.5185993538224809e-06
6304.0 1.5211676380744166e-06
6305.0 1.5236196597712135e-06
6306.0 1.5259538423961772e-06
6307.0 1.5281686254198237e-06
6308.0 1.530262378146574e-06
6309.0 1.5322334618872446e-06
6310.0 1.5340802095309414e-06
6311.0 1.535800844720825e-06
6312.0 1.537393678141541e-06
6313.0 1.5388569041263622e-06
6314.0 1.540188694804101e-06
6315.0 1.5413872160863209e-06
6316.0 1.5424505468430991e-06
6317.0 1.543376807688901e-06
6318.0 1.54416400643953e-06
6319.0 1.544810177556144e-06
6320.0 1.5453132533593816e-06
6321.0 1.545671181268915e-06
6322.0 1.5458818669600305e-06
6323.0 1.545943160152774e-06
6324.0 1.5458528803691252e-06
6325.0 1.5456087956167153e-06
6326.0 1.545208697883993e-06
6327.0 1.5446502370508597e-06
6328.0 1.543931107406138e-06
6329.0 1.5430489419543392e-06
6330.0 1.5420013150801992e-06
6331.0 1.5407857922866697e-06
6332.0 1.539399858252466e-06
6333.0 1.537841019860764e-06
6334.0 1.5361066676433666e-06
6335.0 1.5341942107838236e-06
6336.0 1.5321009865232329e-06
6337.0 1.5298243081218743e-06
6338.0 1.5273614399902158e-06
6339.0 1.5247095985770898e-06
6340.0 1.521865954146051e-06
6341.0 1.5188276591970862e-06
6342.0 1.515591776524161e-06
6343.0 1.5121553866848103e-06
6344.0 1.5085154867477968e-06
6345.0 1.5046690551301367e-06
6346.0 1.5006129645556143e-06
6347.0 1.49634413482147e-06
6348.0 1.49185935338636e-06
6349.0 1.4871554263606868e-06
6350.0 1.482229085247866e-06
6351.0 1.4770770331296037e-06
6352.0 1.4716958993687967e-06
6353.0 1.4660822875711688e-06
6354.0 1.460232751604451e-06
6355.0 1.4541437778348154e-06
6356.0 1.447811866839288e-06
6357.0 1.4412333841917755e-06
6358.0 1.4344046919134712e-06
6359.0 1.4273221351501777e-06
6360.0 1.419981948025395e-06
6361.0 1.4123803717680516e-06
6362.0 1.4045135294793454e-06
6363.0 1.3963775922221089e-06
6364.0 1.387968580957022e-06
6365.0 1.3792825557246149e-06
6366.0 1.370315419357837e-06
6367.0 1.3610631492966263e-06
6368.0 1.3515215551151982e-06
6369.0 1.341686497902117e-06
6370.0 1.3315536984137566e-06
6371.0 1.3211188880646318e-06
6372.0 1.3103776987932747e-06
6373.0 1.2993257492155408e-06
6374.0 1.2879585833402984e-06
6375.0 1.2762716989911382e-06
6376.0 1.2642605327073395e-06
6377.0 1.2519204757310831e-06
6378.0 1.2392468669020218e-06
6379.0 1.226234964235573e-06
6380.0 1.212880023970797e-06
6381.0 1.199177163790921e-06
6382.0 1.1851215546698768e-06
6383.0 1.1707082085976594e-06
6384.0 1.1559321535514755e-06
6385.0 1.1407883144798348e-06
6386.0 1.125271579915932e-06
6387.0 1.109376776220472e-06
6388.0 1.0930986729107417e-06
6389.0 1.0764319959832849e-06
6390.0 1.059371402156728e-06
6391.0 1.04191149130628e-06
6392.0 1.02404677271295e-06
6393.0 1.005771742335071e-06
6394.0 9.870808161949185e-07
6395.0 9.679683561358845e-07
6396.0 9.484286609406922e-07
6397.0 9.284559761013612e-07
6398.0 9.080444680620304e-07
6399.0 8.871882384298146e-07
6400.0 8.658813692719036e-07
6401.0 8.441178440676822e-07
6402.0 8.218915921176517e-07
6403.0 7.991964690035047e-07
6404.0 7.760263009970458e-07
6405.0 7.523748370985572e-07
6406.0 7.282357179505539e-07
6407.0 7.036026099527248e-07
6408.0 6.784690285144279e-07
6409.0 6.528284632878467e-07
6410.0 6.266743337590697e-07
6411.0 6.000000087880153e-07
6412.0 5.727988039438969e-07
6413.0 5.450638713710987e-07
6414.0 5.167884555845603e-07
6415.0 4.879656003708988e-07
6416.0 4.5858832464773513e-07
6417.0 4.286496428917985e-07
6418.0 3.981423901677772e-07
6419.0 3.67059428185712e-07
6420.0 3.3539349164612986e-07
6421.0 3.031372752815287e-07
6422.0 2.7028340632284653e-07
6423.0 2.368244382822127e-07
6424.0 2.0275285272930435e-07
6425.0 1.6806104508049202e-07
6426.0 1.3274135390872746e-07
6427.0 9.67860849243607e-08
6428.0 6.01874337036179e-08
6429.0 2.2937494570385297e-08
6430.0 -1.4971646145056642e-08
6431.0 -5.3547998923875184e-08
6432.0 -9.279966128872277e-08
6433.0 -1.327347698421022e-07
6434.0 -1.7336156066249941e-07
6435.0 -2.146883568698854e-07
6436.0 -2.567234957950859e-07
6437.0 -2.994754533247601e-07
6438.0 -3.429527488663098e-07
6439.0 -3.871639764341239e-07
6440.0 -4.321178099786494e-07
6441.0 -4.778229891755359e-07
6442.0 -5.24288307879317e-07
6443.0 -5.715227215929986e-07
6444.0 -6.195351645033043e-07
6445.0 -6.683346933655798e-07
6446.0 -7.179304422066934e-07
6447.0 -7.683316063378243e-07
6448.0 -8.195474450189977e-07
6449.0 -8.715873383025041e-07
6450.0 -9.244607284131234e-07
6451.0 -9.78177094879129e-07
6452.0 -1.032746062001877e-06
6453.0 -1.0881772825044322e-06
6454.0 -1.144480529013947e-06
6455.0 -1.20166559280932e-06
6456.0 -1.259742410830711e-06
6457.0 -1.3187209564335944e-06
6458.0 -1.3786112997848932e-06
6459.0 -1.4394235980930148e-06
6460.0 -1.501168103601458e-06
6461.0 -1.563855082764576e-06
6462.0 -1.6274949645733727e-06
6463.0 -1.6920982215395952e-06
6464.0 -1.7576753910120146e-06
6465.0 -1.8242371222498832e-06
6466.0 -1.8917941675411496e-06
6467.0 -1.960357327135398e-06
6468.0 -2.0299374563492734e-06
6469.0 -2.1005455774769644e-06
6470.0 -2.172192734128941e-06
6471.0 -2.2448900738325506e-06
6472.0 -2.3186488107285186e-06
6473.0 -2.393480290407979e-06
6474.0 -2.4693959108645917e-06
6475.0 -2.546407132264505e-06
6476.0 -2.6245255799750566e-06
6477.0 -2.7037628651527257e-06
6478.0 -2.7841307712606067e-06
6479.0 -2.8656411208416444e-06
6480.0 -2.9483058465729077e-06
6481.0 -3.0321369512975598e-06
6482.0 -3.117146548881067e-06
6483.0 -3.2033468215786343e-06
6484.0 -3.290750060891412e-06
6485.0 -3.379368615163969e-06
6486.0 -3.4692149490922475e-06
6487.0 -3.560301636618135e-06
6488.0 -3.652641298756976e-06
6489.0 -3.746246661329167e-06
6490.0 -3.8411305656183e-06
6491.0 -3.937305911527744e-06
6492.0 -4.034785707318633e-06
6493.0 -4.133583047405409e-06
6494.0 -4.233711143442065e-06
6495.0 -4.335183247050622e-06
6496.0 -4.438012760843435e-06
6497.0 -4.542213145164453e-06
6498.0 -4.647797958057254e-06
6499.0 -4.754780881022214e-06
