6200.0 2.3198646204036777e-07
6201.0 2.820190587726757e-07
6202.0 3.316942667197509e-07
6203.0 3.809961981460219e-07
6204.0 4.2990848214685684e-07
6205.0 4.784145488656577e-07
6206.0 5.264982831931775e-07
6207.0 5.74143825815554e-07
6208.0 6.213353458406345e-07
6209.0 6.680570265871211e-07
6210.0 7.142939040249985e-07
6211.0 7.600301046295499e-07
6212.0 8.052511049072564e-07
6213.0 8.499415571350255e-07
6214.0 8.940869804519025e-07
6215.0 9.376724392495816e-07
6216.0 9.806842200532628e-07
6217.0 1.0231080125322478e-06
6218.0 1.0649294495124195e-06
6219.0 1.106135655959406e-06
6220.0 1.1467121510122524e-06
6221.0 1.1866465285947925e-06
6222.0 1.225925515768722e-06
6223.0 1.2645361664453958e-06
6224.0 1.3024662450789035e-06
6225.0 1.3397029334782928e-06
6226.0 1.3762345218992778e-06
6227.0 1.4120491869107354e-06
6228.0 1.447135431931201e-06
6229.0 1.4814817745900657e-06
6230.0 1.5150775425354368e-06
6231.0 1.5479115944572186e-06
6232.0 1.5799734853771952e-06
6233.0 1.6112531824319376e-06
6234.0 1.641740794866564e-06
6235.0 1.671426772986706e-06
6236.0 1.7003017234173967e-06
6237.0 1.7283563948922165e-06
6238.0 1.7555823461634643e-06
6239.0 1.7819713775679702e-06
6240.0 1.8075149483820496e-06
6241.0 1.8322055552744128e-06
6242.0 1.8560354817509504e-06
6243.0 1.8789979918665267e-06
6244.0 1.901086022826348e-06
6245.0 1.922292980793827e-06
6246.0 1.9426134798550265e-06
6247.0 1.962041139336179e-06
6248.0 1.9805707438536047e-06
6249.0 1.9981970780236225e-06
6250.0 2.014915622794433e-06
6251.0 2.0307220580662037e-06
6252.0 2.045612689016707e-06
6253.0 2.059583536606624e-06
6254.0 2.0726318297192847e-06
6255.0 2.084754399334088e-06
6256.0 2.0959489717142787e-06
6257.0 2.1062136426053257e-06
6258.0 2.115546649861244e-06
6259.0 2.1239469703004943e-06
6260.0 2.1314136944283746e-06
6261.0 2.1379465380277907e-06
6262.0 2.1435455010987425e-06
6263.0 2.148210896280034e-06
6264.0 2.1519441730788458e-06
6265.0 2.154746155724752e-06
6266.0 2.156618748472283e-06
6267.0 2.1575643387450327e-06
6268.0 2.1575853139665924e-06
6269.0 2.15668501368782e-06
6270.0 2.154866933778976e-06
6271.0 2.152135394339893e-06
6272.0 2.148494502307585e-06
6273.0 2.143949600963424e-06
6274.0 2.138505877269381e-06
6275.0 2.1321698540077705e-06
6276.0 2.124947343418171e-06
6277.0 2.1168452661868287e-06
6278.0 2.10787180776606e-06
6279.0 2.0980342156917686e-06
6280.0 2.087341300693879e-06
6281.0 2.0758019161348784e-06
6282.0 2.063425540654862e-06
6283.0 2.0502221502738398e-06
6284.0 2.0362023036568644e-06
6285.0 2.0213772558008718e-06
6286.0 2.0057584748656154e-06
6287.0 1.9893580542884592e-06
6288.0 1.9721886843626635e-06
6289.0 1.954263936454481e-06
6290.0 1.9355970835022163e-06
6291.0 1.916203174801012e-06
6292.0 1.896096293307892e-06
6293.0 1.875292852560051e-06
6294.0 1.8538084702868216e-06
6295.0 1.8316600431944607e-06
6296.0 1.8088644537783691e-06
6297.0 1.7854397071914718e-06
6298.0 1.761404519129428e-06
6299.0 1.736777903715847e-06
6300.0 1.711579116658868e-06
6301.0 1.685828834752101e-06
6302.0 1.6595479763736876e-06
6303.0 1.632757914649119e-06
6304.0 1.6054806195597848e-06
6305.0 1.5777390416360504e-06
6306.0 1.5495566856316143e-06
6307.0 1.5209576247343648e-06
6308.0 1.4919663584578302e-06
6309.0 1.4626083100210965e-06
6310.0 1.4329093573905991e-06
6311.0 1.402896458557734e-06
6312.0 1.372596798887571e-06
6313.0 1.3420386295592834e-06
6314.0 1.3112502159629005e-06
6315.0 1.280261216152212e-06
6316.0 1.2491015297655397e-06
6317.0 1.2178020938335976e-06
6318.0 1.186394115393341e-06
6319.0 1.1549100094043752e-06
6320.0 1.1233823755674166e-06
6321.0 1.0918450499275425e-06
6322.0 1.0603323090663253e-06
6323.0 1.0288786427281591e-06
6324.0 9.97520501755389e-07
6325.0 9.662939532972814e-07
6326.0 9.352361587389168e-07
6327.0 9.043855158097358e-07
6328.0 8.737801948655033e-07
6329.0 8.434597873474559e-07
6330.0 8.134646520829847e-07
6331.0 7.838356879119601e-07
6332.0 7.546143336867317e-07
6333.0 7.25843619875377e-07
6334.0 6.975666764219568e-07
6335.0 6.698273580241221e-07
6336.0 6.426707699347389e-07
6337.0 6.161422447803488e-07
6338.0 5.902885078512554e-07
6339.0 5.651565828657112e-07
6340.0 5.407950283142782e-07
6341.0 5.172521468921332e-07
6342.0 4.945779608078738e-07
6343.0 4.728227054329182e-07
6344.0 4.5203795195902796e-07
6345.0 4.322759110664265e-07
6346.0 4.135898024060225e-07
6347.0 3.9603280299616017e-07
6348.0 3.796600793748439e-07
6349.0 3.645272386165743e-07
6350.0 3.506906267602972e-07
6351.0 3.382073430202581e-07
6352.0 3.2713595032873855e-07
6353.0 3.1753515372656693e-07
6354.0 3.0946513618346216e-07
6355.0 3.029861659342714e-07
6356.0 2.981603159923907e-07
6357.0 2.95050355703097e-07
6358.0 2.9371940968303534e-07
6359.0 2.942320378451768e-07
6360.0 2.966537380189038e-07
6361.0 3.010500648770176e-07
6362.0 3.074888752507832e-07
6363.0 3.160376991218073e-07
6364.0 3.26766183889049e-07
6365.0 3.397432806195866e-07
6366.0 3.550408820274243e-07
6367.0 3.727300992295568e-07
6368.0 3.9288399023007525e-07
6369.0 4.15576266732387e-07
6370.0 4.408815357237472e-07
6371.0 4.688755410597878e-07
6372.0 4.99635063988535e-07
6373.0 5.3323738313793e-07
6374.0 5.697611982213857e-07
6375.0 6.092858910733412e-07
6376.0 6.518926767284938e-07
6377.0 6.976624860044467e-07
6378.0 7.466780971299158e-07
6379.0 7.990231125631908e-07
6380.0 8.547820300464082e-07
6381.0 9.140405836660648e-07
6382.0 9.76885374370795e-07
6383.0 1.0434040831341918e-06
6384.0 1.1136855420090797e-06
6385.0 1.187819151482472e-06
6386.0 1.265896031554803e-06
6387.0 1.3480077427630022e-06
6388.0 1.434247437259728e-06
6389.0 1.5247090203729383e-06
6390.0 1.619487377979567e-06
6391.0 1.718678646511762e-06
6392.0 1.8223800282157756e-06
6393.0 1.930689947471365e-06
6394.0 2.043707283405638e-06
6395.0 2.161533203093313e-06
6396.0 2.284268262542355e-06
6397.0 2.412015859931671e-06
6398.0 2.5448794218618787e-06
6399.0 2.682963852862485e-06
6400.0 2.82637526538565e-06
6401.0 2.975220638745668e-06
6402.0 3.129608145968632e-06
6403.0 3.2896471822141397e-06
6404.0 3.455448378986148e-06
6405.0 3.627123206229044e-06
6406.0 3.804784483918411e-06
6407.0 3.988546353639322e-06
6408.0 4.178523511200183e-06
6409.0 4.374832613507351e-06
6410.0 4.577590956955646e-06
6411.0 4.786917358501341e-06
6412.0 5.002931388276011e-06
6413.0 5.225754307502939e-06
6414.0 5.455507803731052e-06
6415.0 5.692315497185518e-06
6416.0 5.936302443387831e-06
6417.0 6.187594010498287e-06
6418.0 6.446317172503768e-06
6419.0 6.71260009710295e-06
6420.0 6.986572586242801e-06
6421.0 7.268364839774222e-06
6422.0 7.558109373917432e-06
6423.0 7.855939159640002e-06
6424.0 8.16198821951275e-06
6425.0 8.47639260825872e-06
6426.0 8.799288991667709e-06
6427.0 9.130815584512677e-06
6428.0 9.47111202265205e-06
6429.0 9.820319078812643e-06
6430.0 1.0178578449426824e-05
6431.0 1.0546033664127208e-05
6432.0 1.0922829019932578e-05
6433.0 1.130911046232086e-05
6434.0 1.1705025571018268e-05
6435.0 1.211072209628128e-05
6436.0 1.2526350289476795e-05
6437.0 1.2952061169357876e-05
6438.0 1.3388007019443648e-05
6439.0 1.3834341757501534e-05
6440.0 1.4291220239215365e-05
6441.0 1.475879928136692e-05
6442.0 1.5237235743370547e-05
6443.0 1.5726689881034872e-05
6444.0 1.6227321410156037e-05
6445.0 1.6739292206580103e-05
6446.0 1.726276552460604e-05
6447.0 1.7797905869088027e-05
6448.0 1.834487922280914e-05
6449.0 1.890385298963793e-05
6450.0 1.9474995767154724e-05
6451.0 2.005847717612141e-05
6452.0 2.0654469395253727e-05
6453.0 2.12631450722256e-05
6454.0 2.188467817632045e-05
6455.0 2.251924473739564e-05
6456.0 2.316702155269468e-05
6457.0 2.3828187394769884e-05
6458.0 2.4502922244096222e-05
6459.0 2.5191407488023287e-05
6460.0 2.589382594919698e-05
6461.0 2.661036143081219e-05
6462.0 2.7341200350861072e-05
6463.0 2.8086529525239712e-05
6464.0 2.884653785883984e-05
6465.0 2.962141516604788e-05
6466.0 3.041135347814361e-05
6467.0 3.121654533799756e-05
6468.0 3.203718532063249e-05
6469.0 3.287346969216287e-05
6470.0 3.372559619663207e-05
6471.0 3.459376320336105e-05
6472.0 3.547817213700455e-05
6473.0 3.637902416642192e-05
6474.0 3.729652345896284e-05
6475.0 3.823087467935693e-05
6476.0 3.918228493660081e-05
6477.0 4.015096190812528e-05
6478.0 4.1137115644573896e-05
6479.0 4.214095677923524e-05
6480.0 4.316269875914713e-05
6481.0 4.420255538661877e-05
6482.0 4.526074327770857e-05
6483.0 4.633747899163154e-05
6484.0 4.7432982483996966e-05
6485.0 4.854747339777532e-05
6486.0 4.968117461601196e-05
6487.0 5.083430943386702e-05
6488.0 5.200710347708082e-05
6489.0 5.319978392037683e-05
6490.0 5.4412579089557767e-05
6491.0 5.5645718973096336e-05
6492.0 5.689943557740662e-05
6493.0 5.817396250051843e-05
6494.0 5.946953461943849e-05
6495.0 6.078638858753038e-05
6496.0 6.212476267819511e-05
6497.0 6.348489668539514e-05
6498.0 6.486703259156457e-05
6499.0 6.627141343074072e-05
